int 10 88 72 64 30 35 17 98 38 7 74
int 10 64 97 80 14 98 26 17 16 59 69
char 10 b r l i r s r r o e
char 11 t h f q f d a e i p p
int 11 73 5 66 78 46 49 74 5 73 49 98
bool 12 1 1 0 1 1 1 0 1 1 0 0 1
int 12 31 40 9 96 24 16 31 16 45 7 71 81
double 12 3.94 1.32 4.92 0.77 9.28 3.3 9.27 8.68 1.94 2.56 3.02 6
int 12 66 45 14 2 5 33 73 33 43 31 19 11
bool 14 0 0 0 1 1 0 0 1 1 1 0 1 1 1
int 15 91 14 19 28 33 52 87 7 42 6 92 64 68 4 77
bool 16 1 1 0 1 0 0 0 0 1 1 0 0 1 0 1 0
int 16 12 76 1 94 75 21 78 78 23 33 6 68 41 1 76 83
int 18 57 74 22 14 62 36 26 89 96 24 61 41 86 89 29 88 83 51
char 19 q o r b b s f m a l b c e p p m d c n
double 20 8.12 6.62 3.35 5.79 6.68 1.89 9.8 2.67 1.86 6.8 1.02 5.1 4.73 9.5 8.13 6.75 1.1 7.5 5.7 3.59
int 21 83 71 12 15 79 7 92 71 67 65 29 54 87 83 50 99 87 31 65 3 41
bool 24 1 1 0 1 1 0 0 1 1 1 0 1 0 1 0 0 1 1 1 1 0 1 1 1
bool 25 0 0 1 0 1 1 0 1 0 1 0 0 0 1 1 0 1 0 1 0 0 1 1 0 0
int 25 15 59 31 80 95 46 63 17 78 32 50 56 9 45 49 77 86 44 27 14 46 78 15 24 27
bool 27 0 0 1 1 1 1 1 1 0 0 0 1 1 1 1 1 0 1 0 0 0 0 0 0 0 0 0
int 29 73 73 48 34 51 93 92 74 68 41 21 78 76 82 38 98 35 41 12 44 74 24 95 73 69 52 42 41 88
char 29 k q n c b s d b c t i l q c h d i a l a j c e l f l j j n
int 30 82 32 38 68 37 79 51 12 69 53 5 28 98 46 59 6 13 51 50 83 45 74 95 5 28 47 64 41 15 99
bool 30 0 1 0 1 0 1 1 0 0 1 1 0 0 1 1 0 1 0 0 0 0 1 1 0 1 0 1 1 1 1
bool 36 1 1 1 0 1 0 1 0 1 1 1 0 1 0 0 1 0 1 0 0 0 1 0 0 1 0 1 0 0 1 1 0 1 0 1 1
bool 37 1 1 0 1 0 0 1 0 0 1 0 1 1 1 1 1 1 1 0 0 0 0 1 0 1 1 1 1 1 1 0 0 1 0 1 0 0
bool 39 0 1 0 1 0 0 0 0 1 0 0 0 1 1 1 0 0 0 0 0 1 0 0 0 1 1 1 1 1 1 1 1 0 0 1 1 0 1 0
int 42 88 90 65 94 54 47 91 20 59 46 53 94 90 83 85 57 21 86 78 25 39 21 90 89 74 47 15 12 78 1 65 90 87 4 25 20 70 5 68 75 82 31
bool 43 0 0 1 0 1 1 1 1 1 0 0 0 1 1 1 0 1 0 0 0 0 0 0 0 0 0 1 0 1 1 1 0 1 0 0 1 0 0 0 0 1 0 1
double 43 3.76 6.93 5.11 1.1 1.42 5.78 4.45 6.9 0.92 3.76 3.84 0.95 0.7 2.23 9.24 6.08 9.84 0.06 6.3 0.94 0.96 2.16 8.57 4.98 4.68 1.45 8.31 2.52 6.26 4.53 7.95 4.79 9.47 5.8 0.16 6.8 9.61 8.55 3.78 8.95 8.99 8.57 9.99
char 45 b p r b r i j n r i b m n g a o a k s p i p b l s p a o s k b q m p i k p i d h b i i b j
double 45 9.5 2.57 9.09 9.89 4.73 8.31 6.99 9.63 6.44 2.88 1.7 7.93 5.54 5.44 7.84 9.03 9.58 6.94 4.9 6.5 2.94 7.88 1.77 4.76 6.03 3.41 2.2 2.03 3.7 8.5 3.97 2.69 3.62 8.55 8.43 2.98 2.01 8.18 8.13 6.12 9.19 0.75 8.38 9.73 9.29
double 46 7.9 8.02 9.18 3.62 2.34 5.28 2.91 8.04 8.86 6.7 8.19 2.21 6 0.51 0.03 9.48 0.33 7.04 8.9 3.85 6.24 3.01 8.13 2.42 6.71 2.82 7.86 5.7 5.75 2.89 7.22 2.66 1.09 7.5 2.69 7.61 6.54 7.23 6.01 7.87 2.25 3.97 6.25 5.56 4.25 7.62
char 46 s a g o g b a g q i m b i h b g m h n l j q l d r d i n i d i p o h r c g l k q c q e i d b
int 47 31 79 61 38 64 65 51 7 56 45 65 26 98 47 53 24 7 38 18 26 51 98 78 7 71 81 21 3 67 18 58 44 44 38 26 78 97 47 49 79 73 72 11 9 2 48 84
double 49 3.66 1.35 0.63 1.91 3.29 3.55 3.51 3.23 0.96 0.65 1.29 4.83 2.04 7.25 2.38 4.7 7.48 7.59 3.13 0.85 4.8 9.8 4.53 1.72 3.73 2.27 8.4 1.02 1.3 9.74 2 9.8 3.57 8.79 7.64 9.13 1.57 9.17 4.46 0.65 2.08 8.96 3.6 3.49 3.24 6.29 3.36 0.76 4.86
double 51 3.82 3.34 6.77 1.13 8.2 2.47 1.78 3.9 7.83 3.04 2.17 3.2 1.16 4.8 3.58 1.82 5.5 3.07 1.04 5.96 6.38 8.99 6.91 4.64 3.87 7.17 9.21 3.2 2.77 7.21 0.43 8.25 1.84 6.64 1.67 0.22 4.97 0.44 1.58 4.93 2.9 8.79 0.24 6.54 2.68 4.02 3.31 6.17 2.32 1.75 4.72
int 52 4 15 91 13 48 7 78 77 50 31 99 63 95 20 45 62 30 4 49 48 91 60 62 2 36 67 33 12 18 41 53 52 65 65 80 74 36 52 54 77 87 63 66 44 23 12 49 28 81 35 36 44
int 56 67 73 73 97 23 95 78 45 52 31 96 50 4 27 9 48 9 25 14 70 15 40 71 81 29 79 10 91 26 46 72 3 50 56 98 91 35 87 87 96 40 78 40 79 59 83 81 70 61 30 75 12 5 12 46 76
bool 56 1 1 0 1 0 0 0 1 1 1 0 1 1 1 0 0 1 0 0 0 0 1 1 1 1 1 1 1 0 0 1 0 1 1 0 0 1 0 1 0 1 0 1 0 1 0 1 1 1 0 0 0 0 1 1 0
double 60 8.91 9.99 5.97 1.43 2.86 1.13 4.08 6.27 4.31 5.39 4.02 9.85 4.83 8.39 1.5 8.43 0.09 0.8 2.05 8.21 9.57 7.55 8.88 8.03 2.8 3.2 3.24 1.79 9.07 0.94 4.82 4.45 1.35 8.86 8.97 5.54 9.96 4.88 8.59 5.83 0.69 3.63 7.52 1.91 6.91 3.52 8.2 0.79 7.93 5.06 9.37 1.71 8.44 0.08 1.97 8.19 2.27 7.85 4.47 5.55
double 60 6.96 5.84 4.55 1.79 6.48 9.47 9.49 9.76 8.24 4.39 3.33 7.59 0.78 8.77 7.52 0.08 4.62 3.65 8.08 2.29 2.4 3.23 4.82 9.99 0.74 3.64 4.8 6.44 2.98 9.05 3.4 1.96 2.47 5.25 9.43 2.34 1.69 4.17 0.89 3.53 4.77 0.43 8.72 8.29 4.85 3.36 4.96 4.48 1.95 7.83 6.4 1.15 2.92 6.7 1.11 7.7 3.79 3.19 0.9 4.07
char 62 m t q c g o a d l a m l j i a i e l j o r b h m l e p t f c p d q a d f h g b f e q g o s q o t i t s a f o r i g i p f b i
bool 64 0 1 0 1 0 0 0 0 1 1 0 1 0 1 1 0 1 0 0 1 1 0 1 1 1 0 0 0 0 1 1 1 0 0 0 0 1 0 1 0 1 0 0 0 0 0 0 0 1 1 0 0 1 0 1 0 1 1 1 1 1 1 1 1
int 66 32 4 74 94 90 64 77 56 67 60 46 90 53 77 25 73 73 6 46 79 31 54 84 85 38 61 64 51 97 49 34 40 85 9 42 48 61 3 58 58 71 40 4 70 69 11 73 48 51 43 5 24 54 27 72 6 4 46 69 28 69 40 90 38 32 20
int 66 79 80 44 58 70 39 73 82 86 23 67 88 66 22 29 58 71 97 48 9 74 58 8 82 7 11 49 54 69 63 19 48 76 15 73 30 19 62 18 59 99 18 68 24 81 58 13 34 7 57 81 21 73 91 94 64 26 25 6 43 87 11 66 21 3 91
char 67 p k i a p f i d b o e p g m l s e c f j t o g q k i f o s a g h a d m k s m g e l g n i h j d h a t f f p l c c p n s q d b p f g k g
char 68 s j j c g p l i h c l h j k a r b t q m q g i o a h o c e n t n a t e q p i r t q h p s p n f m l m r g p s j d m b s i t a f a p o h t
bool 68 1 0 1 0 1 1 0 1 1 1 0 1 0 1 1 0 1 0 1 1 0 0 0 1 0 0 1 0 0 0 1 1 0 1 1 0 1 1 1 1 1 1 1 1 1 1 0 1 0 0 1 1 0 0 0 0 1 1 1 1 0 0 1 0 0 0 1 1
bool 68 1 1 0 0 0 1 1 0 1 0 0 1 0 0 1 1 1 1 0 1 0 0 1 0 1 1 1 0 0 0 1 0 1 1 1 1 0 1 1 0 0 1 1 0 1 0 0 0 0 0 0 0 1 0 1 0 1 1 0 0 1 0 1 0 0 1 1 0
int 69 44 49 67 13 77 39 28 93 14 73 85 23 15 84 1 27 27 52 39 95 67 65 91 39 4 88 5 9 13 80 71 80 66 51 89 37 58 22 28 80 69 12 88 86 92 57 51 7 31 94 26 86 38 88 55 12 9 96 12 60 4 72 36 58 75 90 38 29 21
char 70 o i a p t m r h q c k q j c r b c n g m m o b a l p s a j f g h r k g l k n f k s c e j h j t g t n i a b l c b h f d f q l g l a e d n a d
char 70 t g p r t a j o j p c n b f q c c r l f i k t c f l i e d l s q b m b j f i e p p r b i p j h s c f r r k t k p g l r p a l q b r f g j r d
double 72 5.45 9.39 5.43 0.33 4.19 4.58 0.83 9 9.45 7.84 3.79 9.97 7.15 7.95 3.26 2.26 6.08 0.24 5.96 4.17 5.5 8.96 7.72 8.38 6.59 9.81 4 3.72 2.09 1.31 9.5 3.45 2.32 9.27 2.96 0.56 4.31 1.85 0.43 2.79 1.92 1.81 2.86 6.02 7.27 9.76 7.23 8.27 1.16 1.77 4.82 7.26 4.34 9.87 6.65 7.26 5.79 3.6 3.59 3.97 7.08 7.14 6.69 6.83 7.55 5.76 3.43 0.87 1.21 5.73 0.62 8.88
int 73 88 40 99 42 11 29 52 70 90 21 86 75 47 81 27 61 14 72 86 35 72 26 99 83 83 21 37 37 75 17 62 94 11 28 9 72 52 6 73 67 26 90 19 85 42 31 28 68 16 70 18 36 48 70 90 96 55 1 30 95 35 28 83 26 74 59 72 49 6 44 20 31 68
bool 74 0 1 1 0 0 0 0 0 0 0 0 0 0 0 0 1 1 1 1 0 0 0 1 0 0 0 1 1 1 1 0 0 1 1 0 0 0 0 1 0 0 1 1 1 0 0 0 0 1 1 1 0 0 0 0 0 0 0 1 0 0 1 0 0 0 0 1 1 1 1 1 1 1 1
bool 76 1 1 1 0 1 1 1 0 1 1 1 1 1 0 1 1 1 0 0 0 0 0 1 0 1 1 0 0 0 1 0 0 0 1 0 1 1 1 1 0 1 1 1 1 1 1 0 1 0 0 1 0 0 1 1 1 0 1 1 1 0 0 0 0 1 1 1 0 1 1 0 1 0 0 1 1
bool 76 0 0 0 0 0 0 1 0 0 1 1 1 1 1 1 1 0 1 1 1 0 1 0 1 1 1 1 0 0 0 0 0 0 1 1 0 1 0 0 0 0 0 1 0 1 1 0 1 1 0 1 1 1 1 0 1 1 0 0 0 0 0 0 0 1 0 0 1 0 1 0 0 1 1 1 0
int 77 45 88 88 99 7 46 96 83 91 70 30 46 13 87 51 90 65 27 92 9 88 30 18 83 87 36 64 2 28 20 51 73 14 44 12 14 31 65 4 86 68 44 40 4 97 2 96 9 96 71 37 15 38 33 58 48 49 33 44 13 54 37 97 78 63 57 27 15 13 98 23 64 62 7 65 99 51
bool 77 1 1 1 0 0 1 1 0 1 0 1 0 0 1 1 0 0 0 0 0 0 0 1 0 0 0 0 0 1 0 1 0 1 1 1 0 1 0 0 0 1 0 0 0 0 1 1 1 0 1 0 0 0 1 0 1 1 0 0 1 1 0 0 0 0 0 1 1 1 1 0 0 1 1 0 0 0
double 78 3.98 1.68 8.54 1.6 5.82 4.85 7.91 8.96 8.49 1.38 8.42 6.28 0.47 7 9.3 2.86 8.87 6.37 9.72 3.57 0.25 8.71 7.57 8.24 9.94 6.46 9.83 2.16 0.04 2.37 2.19 4.64 9.81 1.67 6.05 5.39 6.67 9.69 4.72 9.7 7.39 3.65 1.89 3.72 5.21 1.19 0.57 2.47 9.01 6.72 2.22 9.49 2.6 4.48 6.51 6.93 9.99 8.92 7.81 1.33 5.82 5.35 1.06 1.41 7.7 1.3 5.16 6.08 4.69 2.79 4.39 9.45 5.36 8.32 4.03 0.53 2.65 1.24
char 79 i p k t c t a a k d d c s n g e q c p b j m t j s b p h a q o i s j t m n a d o o q t b f a n h h g l r e t e d t b e o l c m g e b q o a d d e q t h e n n n
bool 80 1 0 1 1 0 1 1 0 1 1 1 0 0 0 1 0 1 1 1 0 0 1 1 1 1 1 1 0 0 0 1 1 1 0 1 1 0 1 0 1 0 0 0 0 1 0 1 1 0 0 0 1 1 0 1 0 1 0 1 1 0 0 0 0 1 0 1 1 1 1 1 0 1 0 1 1 0 0 1 0
char 80 c r d d o q c t a a c d h f m h n e s q c c m i m t c r n q h i a g q q b k h p k d i k r j c i q b b c l m l t s s m d c t g i o f k b f r b n p h g g r q c f
int 81 53 64 99 29 97 82 80 60 65 5 60 59 33 56 16 24 86 6 34 90 30 91 6 80 78 89 18 21 40 82 20 99 69 15 26 83 23 47 73 65 79 45 73 5 29 13 76 79 9 23 74 25 98 58 59 93 31 82 90 80 20 53 57 9 33 63 68 46 19 92 85 67 67 90 55 20 91 53 88 27 12
bool 81 0 0 1 0 0 1 1 0 1 1 0 1 0 1 0 1 0 1 1 0 1 1 0 0 0 0 1 0 0 0 0 1 0 1 1 1 1 1 1 0 0 0 0 0 1 0 0 1 1 1 0 1 1 1 1 1 0 0 1 1 0 1 1 0 0 1 0 0 0 1 0 0 0 1 0 1 1 1 0 0 0
bool 83 0 0 0 0 1 0 0 1 0 0 0 1 0 0 0 0 0 1 0 0 0 0 1 0 1 0 0 0 1 1 0 1 0 0 1 0 0 1 0 0 1 1 0 1 1 0 0 0 1 1 1 1 0 1 0 1 0 0 0 0 1 1 1 1 0 0 1 0 1 1 0 1 1 0 0 0 1 0 0 1 0 0 0
char 84 a t s a b g p b i p f o e o i e h r l g n q s a j g m o f h a k h m j d e a k t h j l t q a c g j p m p a j i g t s d c m t g e k s s j a a a q j i r h t j r k s e c c
int 85 83 62 73 58 59 48 62 97 85 65 44 75 9 18 24 87 35 26 5 38 35 89 42 4 2 98 21 39 32 19 82 30 39 73 34 77 75 33 8 32 11 19 60 86 58 13 36 54 31 63 6 56 17 91 57 79 94 6 23 92 21 89 76 90 71 35 96 40 24 83 76 18 92 9 48 15 7 20 65 29 65 59 37 27 34
double 85 2.41 4.77 1.98 8.04 4.21 5.39 3.5 2.9 8.31 8.33 9.22 5.93 5.82 9.92 3.05 8.23 4.15 0.96 3.05 8 6.93 7.69 5.94 3.66 5.07 0.3 8.66 0.65 1.24 4.81 6.5 2.63 8.96 7.29 2.94 1.52 8.54 2.99 2.76 9.32 5.07 2.22 5.81 5.05 5.43 0.53 7.22 8.23 4.36 6.82 6.44 8.81 2.75 9.56 7.55 8.23 7.18 3.95 0.15 2.32 9.71 5.27 9.72 6.71 2.13 8.92 0.29 6.56 2.38 1.88 1.64 5.69 4.85 2.31 4.65 7.83 6.2 6.41 8.77 2.24 1.44 0.61 0.95 1.44 6.13
int 87 42 89 59 4 55 89 26 76 87 61 90 20 31 38 38 60 77 64 91 45 63 63 28 88 30 2 54 45 59 8 98 91 21 83 2 36 52 71 61 9 82 72 12 55 99 87 78 54 19 17 32 93 67 9 95 63 32 8 46 22 99 55 21 57 85 29 30 45 86 59 98 9 1 71 25 99 20 49 32 99 80 77 94 70 25 20 49
double 87 7.12 0.09 3.32 2.84 7.33 0.98 6.76 6.62 8.3 5.27 5.92 4.89 6.71 9.71 0.97 3.77 7.04 3.17 6.7 9.68 6.56 4 1.24 6.23 2.76 8.82 7.37 7.17 4.79 7.3 8.96 2.4 3.58 1.45 7.33 1.15 7.18 1.45 3.3 1.3 6.93 8.71 7.62 8.88 8.68 6.71 7.39 5.42 8.12 5.82 0.61 0.53 4 9.52 8.5 5.54 5.95 3.06 6.73 2.54 4.28 6.74 0.64 9.28 5.43 0.67 2.45 3.13 6.82 5.65 2.39 4.78 2.42 0.04 4.61 1.92 5.86 6.1 0.8 6.71 8.43 2.3 9.79 4.12 4.25 0.04 7.95
double 87 8.64 9.66 0.2 2.27 8.58 9.29 7.34 6.55 9.14 9.04 3.21 2.45 2.27 8.27 9.06 7.6 4.07 4.86 2.12 0.45 3.05 6.68 4.25 5.81 6.1 0.61 7.55 7.68 4.43 6.36 0.18 1.26 6.05 5.96 4.26 7.08 0.35 3.44 9.25 9.77 8.36 9.51 0.93 1.77 3.84 0.23 2.5 6.69 7.92 9.44 5.86 1.63 3.99 3.9 0.98 0.53 3.55 1.96 4.93 7.36 2.78 1.04 4.38 2.8 6.88 1.34 0.15 0.8 1.14 6.06 6.51 9.01 6.78 5.93 5.09 7.49 8.38 8.7 8.94 3.83 7.98 0.42 4.56 3.41 0.47 9.94 7.85
char 89 b a h e k h r j m l l r p k d j e c i g c a o e h t e n c n e m j r q j d g n f e l t s n b e p e p t m l p s a f t a p a s c k o r o h b t i k j p g p h t h m t b r o n r k k f
char 90 p b j p s j t f a d p n j g n a h h d i l d b r i o s l g p g o j h s e q a a k k e l h a m a j n p e c e t f p q i o k f k n c s e p o b d e i e d b s a a f i f p r r k a b q s s
int 91 10 45 42 4 11 44 18 70 21 88 43 15 19 23 72 18 56 6 11 65 11 97 26 92 94 30 96 77 84 14 73 19 34 69 55 48 7 53 66 46 27 74 95 57 65 60 25 34 80 36 2 43 27 64 96 67 17 31 59 39 67 72 76 85 99 99 8 8 92 72 27 61 90 80 65 27 49 41 61 41 34 10 84 67 11 11 73 17 61 54 89
double 91 5.75 0.58 5.48 7.54 0.72 2.17 4.94 3.44 2.61 4.98 6.44 5.86 7.05 1.7 4.52 9.02 0.71 0.8 6.39 4.39 7.11 6.67 0.95 0.69 3.16 4.21 3.74 1.16 7.57 7.34 8.54 6.13 9.42 8.15 5.12 5.56 7.94 2.64 9.21 9.97 1.26 7.98 0.57 5.76 3.51 7.69 2.71 4.87 9.15 2.91 0.89 6.25 7.76 8.09 3.21 4.86 2.06 0.18 6.39 2.39 3.88 4.48 2.89 2.65 5.57 1.82 5.79 1.32 9.11 4.82 8.51 2.82 8.33 5.04 0.97 2.53 0.17 9.3 0.49 4.73 4.16 6.67 9.15 8.14 2.1 8.68 9.72 4.4 0.81 0.3 7.48
bool 91 1 0 0 0 1 1 0 0 1 1 1 0 0 1 0 0 0 0 1 0 1 0 0 0 0 1 1 1 1 1 0 0 1 1 1 1 0 1 0 1 1 0 0 0 1 1 1 0 0 1 1 1 1 1 0 0 0 0 0 1 1 1 0 0 1 1 1 0 0 0 1 0 0 0 1 1 0 0 0 1 0 1 0 0 1 1 1 0 1 0 1
int 91 85 50 85 68 98 94 18 52 64 25 78 62 80 64 59 83 79 31 94 13 84 89 26 20 34 97 17 76 37 80 35 57 32 37 84 36 7 12 89 84 4 38 52 93 66 90 6 61 93 55 27 85 39 34 57 37 96 82 53 96 68 59 2 26 46 4 9 97 66 85 30 23 91 13 80 69 75 9 25 88 96 31 54 12 74 87 67 32 15 19 16
char 93 m r i n o i p k k t o t c j t k h f i p e h j p t m g s h o s n n g d s i c s i l a f f k o m c s k j g f c o p n r g h l f o i n d n k f s r d b d a n t c d g n e b q c q c s l g f f e
int 94 67 77 6 99 35 12 11 21 22 81 79 13 24 10 63 97 33 28 4 90 21 87 90 64 99 93 52 71 63 3 31 29 60 12 77 22 68 59 48 75 94 58 84 46 6 72 13 1 39 10 58 53 23 37 7 87 50 34 56 44 39 8 28 88 41 36 26 77 29 39 15 68 46 49 9 14 51 24 4 1 19 68 91 52 75 54 99 55 47 18 40 86 29 9
bool 95 1 1 0 1 0 1 1 1 0 0 1 1 0 1 1 0 0 1 1 1 0 0 1 0 0 0 0 1 0 0 1 1 0 0 1 0 0 1 1 1 1 1 1 1 1 0 1 1 0 1 1 1 0 0 0 0 1 1 0 1 1 0 1 1 0 0 0 0 0 0 0 0 1 0 1 0 0 0 0 1 1 1 0 0 0 0 0 0 0 1 0 1 0 0 0
char 95 i o o m s c e j l q f t n n i i r t i m o k m j a a o o q r a m h r d c r m p g l n n n t s g k d c j p t p k t a i r n q e d h j q q g a m b l s j e p g l j m f h i s g k n f p n l t f h q
char 96 b j s c i r o c t s k f d f j j o h b e k t n e s q h e j j g t c c h o b o i r k i d p h f d t s o d r m h g f e g q o s r l m e n n k q e l n r c k f l m e n n s k o g i o i i i t c l b e l
int 96 55 94 47 73 75 78 11 53 79 54 11 55 36 9 91 42 64 9 83 14 25 24 59 67 68 53 72 94 36 45 35 45 36 1 71 91 6 74 57 99 1 88 4 17 15 52 21 17 95 53 21 92 25 72 15 44 35 68 32 46 5 95 73 32 64 98 43 50 31 16 86 32 88 7 94 83 8 60 97 84 9 78 17 77 28 91 40 47 56 31 34 20 24 64 91 92
bool 96 0 1 0 0 1 1 0 1 0 1 1 1 0 1 1 0 0 0 1 1 1 1 0 0 0 0 0 1 1 0 0 0 0 1 1 0 1 0 0 0 0 0 0 0 0 1 1 1 0 1 0 1 1 1 1 0 0 1 1 0 0 0 1 0 0 1 1 0 0 1 1 0 1 0 0 0 1 1 1 0 1 0 1 0 1 0 1 1 1 0 0 0 1 0 0 1
char 98 c q c m d j g r l s k i d o a s l p j j l g n t b l l s o p i s l o n n r q b i s l k k d k m t o t f g r g n e a d d f b g q b l g g c b q q h o f g h d h s h e d j i n d j h m q o n i g g s o n
char 98 c m o d k g s o a f q b a d r i m b t i d b h h s k a p p d k t f k r r q f n t a f c k k k s c i r m o e e f o l n s j g a d q c h s n q b c g h f f h f i d i d e t c i a k e g q l q i b j l b t
char 98 d c p n o p q a h e n t j f e e g h j q r c l p q o j d n q j o a f p s k b t e p m j t q c f r e b i g e o i r g m e i s e r b n n c p h p j r q h e p n l d a l c d e e m m j t d p l i r d s b t
double 100 7.39 6.03 3.75 3.24 0.74 9.44 7.14 7.19 6.12 2.33 5.41 8.18 3.23 9.27 2.85 1.13 6.95 5.2 0.5 9.55 1.82 9.83 7.77 2.84 5.43 8.36 3.26 0.62 4.92 0.54 7.6 1.89 9.3 0.44 8.9 1.64 2.62 8.28 7.28 9.27 1.23 9.44 7.49 9.92 2.27 1.2 0.1 8.09 2.32 9.97 6.18 0.92 7.26 4.97 1.76 7.82 0.11 9.08 5.27 2.74 3.34 7.94 2.58 6.1 8.76 5.96 5.41 9.14 8.05 5.2 7.19 1.71 6.28 4.78 7.64 0.25 4.89 6.94 0.69 8.69 5.21 5.48 1.92 0.26 3.83 5.1 2.36 3.21 9.02 1.73 1.19 4.02 3.21 5.33 3.69 9.6 6.67 2.93 3.41 2.42
char 101 a p e g j h p e l e b m a e k n q c l o n j i o e g m j g s p f a c c c k f g r j t h g t a o c i m f b b j q h m k q s b n m r e j e l d j j d h d j i b p b h n t d t p t n p r a g a e o c r h b i h f
bool 101 0 1 1 1 0 0 1 0 0 1 0 0 1 0 0 1 1 1 0 0 0 1 1 0 1 0 0 0 0 1 1 1 1 0 1 1 1 0 1 0 0 1 0 0 0 1 1 0 0 1 1 0 1 0 1 1 0 1 0 0 1 1 0 1 1 1 1 1 1 1 0 0 0 0 0 1 0 0 0 0 0 0 1 1 0 0 1 1 0 0 1 1 0 1 0 1 1 0 0 1 1
int 101 77 16 2 46 39 11 36 64 25 85 15 30 17 53 27 96 63 52 7 77 67 51 56 99 8 99 23 87 88 98 37 96 28 88 87 81 39 93 43 62 68 75 65 22 16 23 51 70 39 41 4 80 27 70 84 15 18 39 5 70 32 71 37 91 97 23 96 60 31 20 43 40 57 13 32 30 53 14 63 53 74 72 70 72 46 85 4 77 66 59 76 4 36 84 72 63 11 80 91 50 19
int 106 34 62 34 75 84 36 38 38 15 50 49 18 21 15 47 29 15 60 22 78 41 1 53 76 75 57 33 5 89 76 1 79 50 3 82 44 7 15 33 41 88 20 16 45 95 45 70 56 39 82 72 45 98 44 40 84 38 44 99 76 23 97 10 25 6 24 97 28 27 82 57 69 10 66 1 4 60 27 12 40 43 5 46 97 39 33 64 20 97 53 18 88 21 43 22 33 3 83 6 91 83 29 10 19 92 8
double 106 2.02 7.37 6.54 6.72 5.56 3.09 5.41 1.17 7.79 1.43 2.41 6.24 5.97 8.29 3.99 1.18 2.23 7.54 2.96 8.34 7.81 1.32 1.68 3.16 0.99 1.13 1.25 5.4 8.44 5.8 5.27 5.84 5.44 1.76 2.51 5.76 5.81 4.32 1.92 7.65 2.25 6.45 0.56 8.8 0.16 5.65 3.4 4.89 7.52 2.06 1.33 4.15 3.52 5.57 5.03 8.45 4.11 0.1 2.78 9.79 8.93 3.56 2.41 6.98 1.98 9.96 3.25 3.11 0.85 7.09 1.92 8.78 0.63 6.58 8.74 1.43 8.34 6.29 9.83 5.89 3.34 7.41 2.92 9.74 0.84 0.36 4.99 6.38 4.93 3.78 0.26 6.49 2.9 1.26 7.6 0.49 3.83 9.82 6.31 0.18 7.21 1.11 5.51 5.16 9.65 0.05
bool 107 1 0 0 1 1 1 0 1 1 0 0 0 1 0 0 1 0 0 0 1 1 1 1 0 1 0 0 1 1 0 1 0 1 0 1 0 1 0 1 1 1 1 0 1 0 1 0 0 0 1 0 0 1 0 1 0 1 0 1 0 1 0 0 1 0 1 1 0 1 0 0 0 0 0 1 0 1 1 1 1 1 1 1 1 0 1 1 0 1 0 0 1 1 0 0 1 1 1 0 1 1 1 0 0 0 0 0
int 107 52 51 9 66 27 71 78 76 37 31 78 4 48 61 43 79 39 38 6 23 16 53 32 10 9 30 44 75 32 73 99 56 47 87 35 67 27 35 13 78 71 98 86 69 85 13 59 42 74 95 34 10 16 54 84 88 10 28 4 58 15 34 40 40 34 23 55 66 95 25 84 45 66 3 51 72 27 73 16 57 23 89 98 29 81 14 91 96 56 4 86 48 2 22 65 24 46 55 58 71 50 19 31 31 30 80 33
char 107 t o k p j j m s k r o h m f k t t t l l t t f e i f l j p p a l d f b n s j i n f f n l c n s d b b h h d m o o q a p q k k k f k d t f g b a t o f i j b b f l k n f n o t l o q n i d j d q c t r l n h l c o e l l
char 109 o e n q c i i g o o d i e p n a o l b j g s n g m d s f o f p a d s m c g i g j a d r l o t c n j q n r c d n n n q e p l r m a p i n c s i c a s d l s n m t j d g l b o p d q j c m h c g p m d o i b i s c i k a t t s
