22 5 1 5 7 4 9
38 6 9 4 12 10 5 2
72 7 13 2 10 5 11 6 7
49 7 2 4 13 11 5 7 8
42 7 14 11 2 7 4 5 12
53 9 16 5 6 3 11 4 17 9 8
76 9 2 9 11 6 4 13 8 16 10
116 12 3 15 2 19 9 8 22 17 13 5 18 21
92 12 20 10 19 17 12 16 18 11 14 13 23 7
116 15 28 7 24 17 3 13 19 2 27 15 30 23 6 16 29
33 16 5 25 9 1 26 29 28 10 24 8 20 4 16 6 30 17
90 17 28 24 3 23 20 8 10 30 32 4 21 9 13 14 29 22 31
72 17 29 24 30 26 13 5 34 16 19 27 12 17 32 14 25 4 15
116 19 26 6 33 19 37 9 34 8 28 32 12 2 23 21 36 22 4 3 7
92 20 40 1 39 19 24 28 21 16 29 11 36 14 15 5 27 22 7 30 25 26
139 20 16 1 21 31 36 22 9 26 18 13 29 30 14 12 27 19 15 6 20 24
110 22 10 12 43 40 18 25 27 4 3 1 35 15 16 13 44 41 6 8 31 21 36 26
154 22 19 12 32 26 35 25 8 28 41 37 5 36 29 43 30 14 23 24 15 16 11 4
86 22 7 34 24 37 31 32 29 5 4 43 12 19 6 36 30 14 33 25 9 16 23 27
111 22 10 24 9 36 8 37 14 41 26 40 3 16 11 23 12 25 38 13 1 20 22 17
105 23 10 19 15 34 33 25 40 38 30 9 16 1 36 11 39 18 8 45 28 4 7 35 17
61 24 35 2 15 14 5 33 6 3 22 28 23 39 9 40 44 27 13 38 25 11 19 12 7 45
216 25 20 1 38 43 36 40 10 39 44 24 26 28 50 30 46 12 5 42 6 32 37 19 29 23 21
202 27 38 34 40 37 39 36 33 45 18 24 19 7 32 23 28 44 11 49 26 30 10 3 50 6 47 15 14
200 27 18 31 2 42 29 33 13 9 41 34 22 49 28 4 5 7 45 47 27 32 1 46 25 16 40 39 43
226 28 16 54 11 22 6 10 19 26 49 30 51 20 38 35 1 29 40 33 8 21 3 41 23 12 34 36 4 17
307 30 28 56 24 60 48 32 10 16 46 1 23 33 31 27 22 9 21 36 52 14 30 19 59 12 41 8 50 37 5 4
140 33 17 66 37 52 38 34 35 3 55 12 6 28 4 50 10 18 59 40 45 41 7 23 44 13 30 26 19 33 46 49 5 31 58
271 33 46 10 17 24 61 37 48 62 57 31 14 52 19 2 65 29 3 43 35 51 40 22 13 6 9 36 1 11 60 27 53 44 25
464 35 70 30 60 8 7 56 10 5 48 2 43 40 59 41 19 51 4 37 68 44 65 28 53 66 39 35 16 47 38 20 32 54 58 50 22
235 36 23 68 36 62 21 32 4 29 5 35 15 18 33 65 27 60 10 44 26 16 1 54 24 72 42 38 63 11 57 43 41 14 2 47 17 45
221 36 69 36 53 6 68 8 67 58 61 43 39 4 64 41 49 25 26 38 3 54 16 23 35 22 56 14 9 20 24 30 50 47 5 27 15 48
181 37 66 24 12 7 60 55 34 8 45 37 42 13 49 33 67 5 52 26 29 32 16 40 4 22 20 25 47 64 30 54 72 69 31 27 62 48 38
295 38 4 37 54 55 59 11 75 49 52 20 63 46 64 71 7 42 6 36 47 57 45 35 19 5 17 26 28 25 69 14 53 43 33 3 31 73 68 27
188 38 35 34 43 6 61 27 38 19 7 71 51 66 63 17 5 31 25 4 3 11 22 50 8 48 26 32 12 75 73 13 57 46 39 14 62 69 10 58
453 40 44 25 33 18 71 66 5 42 47 39 40 48 46 15 63 49 17 35 41 77 75 60 31 45 2 52 58 28 55 1 27 36 72 54 16 69 30 38 61 59
248 40 50 39 13 43 28 67 80 53 18 63 65 17 9 76 58 60 45 48 36 42 77 14 20 4 3 22 56 5 32 68 66 24 78 2 6 51 74 69 19 62
125 41 34 9 82 26 70 80 17 67 38 32 29 35 36 76 41 14 63 10 54 58 6 42 40 13 79 72 65 11 74 49 50 77 28 16 46 4 23 31 22 64 56
182 42 49 41 4 34 8 60 68 5 1 63 50 46 48 3 22 13 7 77 19 64 70 25 33 55 59 30 42 79 78 23 6 81 73 14 52 24 72 61 32 36 38 56
181 43 34 31 32 30 57 75 35 25 19 9 56 20 80 72 69 71 14 85 29 62 73 63 23 17 38 42 47 22 37 53 1 68 2 44 39 40 27 83 8 86 52 50 76
158 45 36 73 12 82 5 56 32 28 59 37 44 77 19 30 76 1 18 40 75 88 35 48 13 65 39 55 31 2 72 34 27 42 52 24 6 58 23 68 83 81 87 51 79 62 54
335 46 20 2 79 90 80 27 39 89 62 36 83 82 37 26 84 67 10 57 1 50 34 12 11 61 41 75 77 81 45 92 18 55 33 85 54 42 17 6 48 78 69 15 68 43 59 32
572 49 52 92 72 48 66 83 16 89 98 62 81 36 45 49 54 77 91 20 94 12 51 57 69 40 68 50 41 96 30 25 73 5 3 29 60 58 85 64 34 71 76 24 43 15 32 22 97 26 88
273 51 71 43 99 55 19 5 6 24 47 50 95 9 102 45 81 29 80 26 79 31 12 94 33 58 41 53 85 32 65 75 11 49 10 76 15 62 61 83 73 34 57 1 23 2 88 96 78 39 38 18 37
198 51 21 37 3 29 27 12 84 32 56 46 81 99 2 58 93 72 28 88 62 20 67 26 31 85 61 65 74 11 63 16 39 73 57 79 40 6 102 92 41 25 82 45 89 90 80 83 75 86 8 5 94
207 52 97 22 26 72 18 50 35 57 56 100 82 12 6 81 85 54 59 47 20 95 69 80 73 48 94 67 74 17 29 96 87 71 98 41 70 61 15 51 103 38 8 60 14 45 1 44 63 99 62 49 16 3
414 52 33 94 53 38 41 17 85 84 75 47 73 57 78 90 55 36 71 32 66 5 103 8 101 1 37 60 14 83 9 43 6 3 68 100 44 70 22 98 104 93 20 42 27 88 51 23 10 21 40 26 86 64
271 52 79 35 42 96 68 94 93 85 36 32 53 92 76 43 12 75 50 102 6 78 57 90 87 10 55 23 52 34 8 83 40 77 21 5 44 59 29 20 33 51 46 49 70 9 7 48 2 27 65 1 61 15
297 53 52 91 11 40 50 48 96 59 68 100 94 24 65 89 30 47 38 26 74 36 97 83 46 12 20 104 61 16 62 6 77 87 95 21 55 85 1 44 8 15 106 103 76 10 19 18 42 34 92 4 101 17 32
260 54 45 27 76 99 42 11 26 37 102 61 85 86 47 84 53 13 98 62 6 103 78 40 29 63 101 74 59 64 52 91 9 21 49 68 44 35 72 16 24 65 5 3 87 14 95 8 19 73 94 66 30 23 10 39
131 55 82 5 73 15 91 7 62 75 16 68 84 90 85 52 89 46 22 58 98 18 83 70 94 79 33 41 35 100 69 93 49 77 39 60 76 30 11 17 96 34 31 12 88 54 10 67 19 105 48 3 26 4 74 78 86
357 56 20 4 44 31 67 80 87 23 46 25 75 96 97 56 85 21 26 34 69 91 11 104 94 76 51 36 32 89 29 13 95 27 64 62 53 15 71 43 22 65 58 68 83 48 5 103 54 1 28 111 35 84 33 45 52 63
257 56 47 62 101 65 49 34 45 52 57 43 26 53 13 72 4 99 80 6 112 28 31 79 5 36 33 54 25 27 29 74 21 19 86 87 9 91 44 81 67 76 2 102 30 66 71 83 8 10 14 107 32 48 58 42 39 78
184 56 27 52 106 41 17 89 101 69 76 8 94 95 54 35 44 73 77 86 21 34 16 68 23 58 24 87 5 66 93 50 104 102 33 67 42 26 65 20 78 80 49 99 81 9 18 79 103 100 70 1 90 110 39 98 2 112
413 56 89 88 91 18 85 12 9 69 46 76 10 40 81 104 7 90 11 92 45 66 65 6 1 32 29 75 19 31 33 14 2 30 102 103 71 8 42 25 96 26 4 62 44 73 17 51 28 27 48 97 83 47 41 21 43 111
191 57 19 34 67 28 29 3 20 70 111 50 4 27 46 10 7 38 71 94 56 53 78 11 2 36 45 114 77 41 5 9 25 75 57 59 90 74 88 65 21 98 66 106 31 16 110 64 47 58 43 108 23 86 113 92 85 105 73
245 57 31 87 77 102 89 4 6 111 107 91 63 44 34 18 69 12 39 79 9 5 21 26 59 61 28 97 2 51 104 55 20 23 41 71 50 48 10 108 40 54 8 47 15 19 46 35 95 62 76 42 113 38 3 7 36 53 16
214 57 56 9 99 93 50 63 32 88 49 4 85 53 66 36 73 30 41 106 65 105 28 19 46 22 67 2 110 69 79 16 54 35 72 102 47 76 114 70 52 10 87 29 100 95 18 25 51 62 14 1 61 45 111 75 91 78 21
262 57 52 79 25 64 39 62 92 22 103 32 96 65 17 6 87 90 74 71 86 28 3 85 40 102 12 70 98 5 68 10 99 30 38 60 47 36 63 105 100 2 114 104 51 19 84 24 23 73 58 43 113 82 13 48 109 44 42
437 58 88 90 53 83 7 49 52 24 54 63 104 97 30 25 113 92 78 108 116 47 51 31 18 19 100 70 13 11 21 33 82 59 10 38 42 16 89 34 26 6 22 99 45 50 44 68 55 29 8 60 3 73 17 86 93 103 36 67
368 59 74 88 117 42 51 64 44 56 77 73 9 35 55 118 40 7 62 91 1 57 46 38 47 37 41 81 25 14 65 10 71 89 104 48 3 52 18 78 70 17 12 100 8 113 68 90 83 67 94 76 99 107 85 16 106 95 92 110 59
353 62 90 111 106 121 20 9 82 99 109 88 117 36 108 46 4 19 80 6 86 74 81 47 59 37 51 44 116 27 16 75 73 2 55 96 11 72 12 10 34 13 15 63 31 48 112 53 22 93 32 42 110 45 97 18 61 114 120 58 124 69 113 94
521 62 86 92 50 38 52 10 25 3 57 124 115 2 87 93 13 90 35 64 101 18 119 33 39 44 80 23 66 53 118 73 42 21 26 114 113 16 27 37 1 72 111 95 15 75 61 105 19 110 20 98 63 45 46 100 122 94 78 30 85 54 4 108
314 63 71 119 33 105 23 52 64 42 98 111 78 20 10 84 7 54 125 90 96 104 106 121 82 75 13 93 53 72 56 32 117 22 21 28 11 24 45 29 40 115 107 110 122 69 67 83 77 94 30 60 74 26 4 59 109 58 123 66 9 101 16 12 18
278 63 63 80 96 54 86 74 94 115 88 42 126 58 11 114 30 26 1 71 22 84 6 81 31 78 46 50 27 57 99 41 123 85 29 3 12 5 36 106 102 61 20 82 21 48 55 89 15 47 10 37 39 4 124 121 73 68 97 91 116 70 45 117 79
191 69 117 119 34 91 129 18 63 42 55 101 87 3 30 31 66 9 58 41 35 12 38 74 122 73 138 112 49 67 127 48 24 137 45 33 115 59 126 20 65 51 98 114 14 11 104 28 78 96 54 105 2 84 10 64 6 37 68 25 81 132 77 22 60 69 82 109 88 107 21
847 69 81 54 62 37 119 90 75 15 118 129 135 83 104 128 26 6 47 114 49 61 88 111 10 3 80 125 51 18 59 94 12 2 25 42 65 87 134 57 85 23 121 100 4 30 95 64 79 74 46 110 92 19 109 96 21 39 33 27 50 48 29 9 40 131 45 7 113 35 126
416 69 51 134 7 75 16 123 59 83 41 38 91 85 100 45 39 1 46 12 105 106 66 4 103 30 63 121 77 116 138 101 15 126 64 108 110 107 26 13 10 2 21 32 70 122 24 79 52 86 60 34 73 99 117 49 29 69 47 125 20 111 57 94 61 128 65 68 109 14 19
603 70 52 80 6 19 135 121 105 32 60 65 42 54 129 125 46 134 92 139 95 69 91 28 122 11 5 23 71 44 87 112 26 104 20 86 35 49 130 51 29 68 138 9 85 76 83 98 115 27 3 132 4 124 100 82 15 89 96 18 78 140 34 75 48 88 47 33 70 74 123 14
166 70 108 48 134 114 61 83 88 69 133 60 19 27 137 119 49 128 94 21 107 130 74 63 29 111 52 8 2 112 127 38 82 99 56 86 12 73 102 121 41 6 125 67 123 139 42 35 71 87 101 7 51 93 132 113 109 31 92 96 23 104 72 50 131 13 106 76 58 14 98 36
553 70 4 65 36 116 66 123 82 75 83 38 10 24 42 78 109 39 13 31 94 74 70 97 1 121 81 54 45 90 53 103 140 122 87 33 35 48 59 79 77 130 134 22 51 32 112 25 8 100 21 138 69 58 11 49 129 72 3 50 71 12 128 104 41 108 73 91 56 136 135 19
362 70 87 75 44 22 77 108 1 103 16 129 110 14 41 80 91 136 72 42 68 19 65 79 46 7 56 33 5 92 37 17 43 105 36 90 23 113 124 118 26 83 140 32 122 34 126 121 117 100 47 112 12 115 53 29 114 55 127 116 125 88 49 73 30 50 93 96 119 54 94 27
404 71 65 104 55 127 51 72 56 82 125 137 64 89 114 103 6 21 77 131 60 16 8 17 11 102 13 99 117 124 110 84 42 26 43 83 1 118 57 111 49 29 19 95 138 63 54 81 79 133 71 128 12 113 10 119 139 97 94 31 105 98 44 135 62 93 37 58 120 74 5 14 27
217 72 95 14 41 26 124 86 88 128 56 106 4 73 12 59 81 104 31 19 33 36 76 132 38 55 40 85 127 25 96 133 75 60 24 47 122 134 129 6 45 119 28 116 15 63 49 9 126 143 97 21 29 20 66 54 91 98 44 39 5 140 84 80 62 71 99 7 136 87 114 18 70 30
482 74 116 72 58 11 124 126 25 115 36 74 137 118 91 55 35 142 98 112 13 71 47 147 52 64 79 85 97 62 7 133 117 42 134 108 122 14 26 82 109 106 66 6 130 60 54 105 129 131 102 46 16 132 119 57 138 21 23 65 31 39 92 18 15 61 19 29 103 70 53 40 10 38 49 86
168 74 56 80 114 36 32 3 144 135 130 84 107 136 67 15 126 26 100 83 7 29 14 116 85 74 31 96 143 10 81 112 105 69 64 68 72 137 55 8 99 5 66 111 70 113 11 98 93 25 17 43 117 106 132 65 125 78 91 21 118 39 122 94 141 51 59 79 131 49 2 73 129 20 104 41
309 76 50 38 14 55 97 112 61 47 46 136 92 73 84 125 2 122 40 115 140 33 10 151 37 96 26 90 121 15 118 28 144 95 128 114 53 124 35 110 93 76 129 25 152 11 78 52 39 54 79 123 70 20 127 116 3 149 100 17 141 139 67 34 43 99 32 88 130 23 137 83 59 6 9 51 36 68
178 77 50 72 25 2 122 70 121 123 111 99 63 92 1 4 107 85 95 5 138 154 21 14 86 39 126 89 130 150 55 53 19 80 119 41 113 10 110 100 40 104 106 32 59 13 93 118 91 48 37 141 47 127 144 74 137 68 36 45 151 143 131 3 81 7 46 90 34 115 114 64 26 97 108 15 124 52 94
576 77 105 127 154 77 11 88 14 41 130 3 79 20 47 98 114 32 115 49 84 74 89 117 143 66 7 31 62 119 35 120 150 24 116 2 111 56 134 136 145 60 80 33 125 25 63 71 110 64 37 90 27 68 52 69 18 57 109 54 122 30 4 152 108 128 19 102 92 95 97 50 29 72 100 96 124 40 70
338 78 129 13 92 135 38 59 47 144 8 19 25 27 105 12 68 91 141 70 127 120 46 60 139 16 90 138 155 6 3 106 115 112 36 10 103 101 44 52 75 69 114 1 145 65 107 154 63 93 98 17 20 56 73 72 133 48 116 54 95 79 132 111 26 117 62 41 81 88 134 124 40 18 125 140 130 85 14 22
506 78 118 150 108 9 88 45 94 149 90 146 135 19 23 102 134 71 85 15 92 64 35 139 124 111 58 21 51 3 30 7 44 59 122 68 142 55 93 31 38 25 53 136 144 66 133 100 5 39 4 107 153 24 96 69 156 16 49 143 127 95 138 117 74 115 147 128 120 131 84 116 137 129 104 82 18 54 2 56
342 79 16 45 19 41 102 81 59 138 80 22 49 119 2 38 40 1 76 83 128 136 68 91 71 28 97 99 132 32 95 133 30 11 108 15 113 74 139 147 77 54 87 118 145 47 96 140 151 135 46 112 8 50 134 56 42 17 122 62 51 58 73 20 18 107 120 23 149 146 110 29 67 9 24 124 72 25 85 125 10
437 80 17 105 99 108 90 123 141 140 120 31 35 71 8 149 84 42 150 19 113 82 118 68 79 48 158 80 142 57 131 93 112 3 16 98 49 153 2 106 148 61 94 86 121 46 136 28 122 53 135 107 34 109 58 111 152 9 139 96 15 5 128 146 138 10 102 97 44 137 59 103 43 91 40 47 23 115 100 21 77 145
451 80 36 58 2 15 85 110 68 156 16 95 39 72 158 93 35 10 115 69 111 53 90 41 61 31 79 18 133 116 87 38 59 157 25 32 137 134 118 67 130 132 114 127 154 131 106 144 11 12 4 151 160 8 88 74 109 143 103 123 89 64 22 102 117 140 149 23 147 97 65 7 73 101 129 139 152 50 112 83 9 148
317 81 67 117 63 156 135 151 1 49 2 66 88 61 43 81 52 64 36 112 53 116 26 24 93 124 20 41 121 126 138 119 103 155 104 96 115 32 40 18 97 55 154 29 145 3 21 38 144 14 65 42 125 13 113 15 33 128 39 48 148 118 130 111 46 114 123 56 9 122 139 77 75 76 79 161 68 45 44 109 149 31 19
310 83 51 102 28 120 107 135 113 166 129 1 13 5 12 123 108 36 134 133 2 91 69 164 82 20 39 79 29 114 70 40 52 138 33 31 17 49 4 85 56 89 124 53 119 64 127 158 83 159 72 128 101 130 154 3 112 109 88 84 93 148 97 98 162 155 27 23 41 62 47 125 90 11 152 81 26 78 15 71 24 68 115 143 59
647 84 26 36 19 21 23 46 166 106 144 72 25 122 11 58 28 155 91 108 7 129 51 161 30 159 15 66 5 109 48 59 136 138 133 8 44 90 158 104 37 40 117 18 139 119 142 164 134 88 80 116 74 33 52 84 29 65 111 163 85 160 61 9 43 124 32 95 135 121 81 147 89 140 151 54 69 86 102 76 153 82 92 38 56 6
820 85 100 10 20 71 143 14 40 58 93 51 120 61 134 72 158 45 130 76 86 12 35 115 74 30 27 133 151 113 153 29 90 75 88 9 163 22 81 46 2 103 48 66 7 112 21 161 102 136 94 67 83 84 137 3 89 63 39 47 167 34 33 60 77 129 104 169 110 4 16 146 68 117 50 85 135 65 31 95 138 96 156 44 80 6 23
520 87 120 20 103 71 57 86 6 164 128 48 34 151 105 125 85 107 90 36 22 14 56 92 114 146 133 149 115 52 8 165 93 28 106 32 145 46 39 171 117 81 44 161 173 82 55 172 137 70 98 108 18 136 139 99 84 80 166 104 30 123 58 53 54 91 168 13 97 116 37 29 102 77 74 130 47 156 109 76 122 75 38 155 147 163 1 40 118
257 88 171 147 151 163 14 8 51 109 153 134 43 26 69 114 61 59 75 142 169 28 54 40 137 149 34 94 101 74 17 5 110 49 39 37 113 20 102 111 90 152 128 72 125 53 165 156 108 98 46 146 35 162 12 95 130 7 133 30 76 19 85 29 132 73 97 60 103 6 31 79 150 15 96 148 161 117 119 81 32 66 25 140 71 44 107 105 23 47
744 90 133 89 36 84 175 152 92 166 47 100 127 61 102 90 106 40 49 17 22 148 156 146 122 164 136 91 42 155 116 119 139 24 55 178 31 163 120 142 6 39 129 162 123 26 169 83 173 170 171 79 107 62 121 72 23 46 64 65 3 1 60 8 78 45 43 25 51 30 28 76 69 20 34 126 141 147 81 104 172 73 157 35 153 138 15 4 180 93 68 98
774 92 93 172 150 131 16 36 64 54 12 3 90 116 17 74 80 126 164 2 9 103 4 176 124 100 127 171 32 142 147 5 158 161 143 8 37 109 156 108 159 71 11 181 28 160 115 60 182 169 25 175 39 136 73 59 145 141 104 78 94 177 102 21 72 6 30 26 23 52 168 38 118 50 85 180 95 56 98 110 121 96 76 134 58 87 154 133 178 49 157 65 120 111
425 93 67 24 176 17 81 141 174 122 34 113 138 90 179 60 102 110 75 154 82 160 104 161 92 107 126 91 108 115 68 128 96 79 61 83 56 125 22 13 158 45 105 106 9 163 32 77 49 142 2 46 84 165 146 10 30 124 134 31 18 4 1 89 144 175 168 164 173 185 114 132 149 19 71 53 153 100 103 23 14 51 177 26 6 170 111 109 127 131 119 87 140 123 50
731 94 138 45 66 183 143 26 152 59 177 5 155 31 109 168 180 146 3 153 87 2 100 7 61 188 22 119 47 137 97 147 37 124 86 51 48 30 136 101 90 65 122 114 148 175 17 163 76 139 44 24 72 39 84 80 156 159 111 140 79 35 105 58 95 157 99 81 166 112 107 110 63 53 113 78 50 167 11 28 131 57 54 20 150 56 161 49 179 125 160 134 82 187 102 186
311 96 74 76 144 78 150 30 67 66 39 47 161 46 16 82 121 10 15 166 138 29 117 177 56 113 129 107 17 160 165 70 145 62 133 178 174 65 49 50 192 60 22 105 184 162 51 136 125 119 139 40 80 6 87 57 122 148 143 61 152 85 126 14 31 175 24 181 8 140 180 35 5 95 90 2 116 89 77 164 41 94 155 45 97 153 96 146 185 186 9 132 158 52 159 25 100 69
832 97 90 73 82 187 171 125 67 95 47 192 8 121 77 149 39 20 130 186 74 182 76 54 22 150 104 159 40 184 115 33 49 87 68 126 61 111 161 100 140 194 75 143 41 113 9 98 45 148 177 78 17 69 135 63 5 155 110 80 79 102 103 139 29 46 53 93 119 189 153 116 156 129 14 31 70 180 138 62 42 48 55 176 81 117 141 147 15 56 21 11 114 35 168 96 12 60 175
538 97 49 23 108 73 122 112 57 194 176 166 60 71 89 154 74 142 22 91 137 87 76 18 99 41 107 13 26 100 126 124 193 19 139 92 117 173 4 36 82 114 90 33 31 116 68 133 132 55 88 180 47 28 32 155 42 44 118 34 53 187 93 135 64 67 151 129 20 81 6 191 39 152 84 77 159 174 25 14 27 121 101 104 29 59 12 98 186 10 179 181 85 61 164 9 56 35 147
821 101 112 40 94 122 83 196 165 150 134 105 96 189 201 84 35 98 75 135 157 62 155 130 153 125 124 7 179 192 70 113 178 89 79 28 200 47 8 140 52 60 161 66 64 13 41 76 23 24 141 132 25 162 42 100 202 19 167 3 69 170 38 39 32 149 175 20 138 88 4 74 127 107 128 186 78 10 169 159 72 148 58 147 111 164 43 49 163 51 45 17 146 193 27 95 15 48 108 44 73 110 11
330 102 106 137 15 24 61 141 113 31 20 73 74 185 195 197 131 120 58 94 64 150 29 44 122 85 105 41 79 48 107 99 47 136 114 49 194 90 70 60 118 142 110 7 119 172 27 202 112 34 144 182 128 171 163 181 179 35 10 65 30 54 189 9 108 76 177 159 57 1 45 63 132 96 93 84 91 97 173 167 168 180 188 39 117 161 28 12 33 174 204 78 82 143 126 191 154 140 111 89 86 196 170 201
357 104 161 154 98 71 44 89 40 193 155 148 123 7 14 176 174 136 103 56 160 51 5 77 109 185 107 38 43 186 65 179 127 190 119 178 27 116 191 25 205 170 128 138 133 48 183 147 20 169 164 18 62 187 52 82 177 10 37 28 162 31 46 39 70 53 200 151 49 112 81 196 42 172 105 67 124 129 78 91 21 95 198 115 83 50 4 59 36 35 139 12 30 54 175 121 157 58 197 8 110 182 150 68 86 97
