char 10 f j p o j b r p f e
double 12 8.95 6.32 1.98 7.25 7.87 5.7 3.92 7.3 7.87 4.94 1.11 3.31
double 13 1.43 9.73 5.43 8.16 0.34 4.06 0.59 7.45 4.49 9.22 3.76 0.35 9.95
int 13 63 19 38 83 44 88 32 15 17 67 24 94 93
bool 14 0 1 1 0 1 1 1 0 0 0 1 1 0 1
bool 16 0 0 0 1 0 0 0 0 0 1 1 0 0 0 1 0
bool 16 1 1 0 1 0 0 0 0 1 1 0 0 1 0 1 0
int 16 80 15 85 61 16 27 20 61 56 86 9 3 85 95 54 25
double 16 7.86 6.44 5.77 4.97 7.68 1.73 9.01 9.63 5.75 7.62 3.8 0.09 6.08 2.9 7.77 5.67
int 18 11 25 80 20 20 17 87 98 57 47 48 56 12 65 12 55 7 26
char 18 t b e l m f k o c q r g n e l t p j
bool 18 0 1 0 1 0 1 0 1 0 0 1 1 0 0 1 0 0 1
int 20 30 59 5 7 88 18 27 17 95 97 42 10 2 87 76 77 35 95 31 22
int 21 32 41 66 32 24 63 71 6 78 31 9 90 95 11 76 6 93 30 79 2 85
bool 22 1 0 1 0 0 0 1 1 1 1 1 0 0 0 1 1 1 0 0 1 1 1
int 22 81 22 90 43 82 82 46 57 42 48 55 59 1 16 22 50 26 37 84 27 43 39
int 22 26 43 74 27 3 71 1 22 4 94 63 68 55 5 15 79 92 44 40 71 86 14
double 23 9.79 5.44 9.39 0.99 2.67 2.94 2.29 6.88 6.82 4.72 0.64 3.58 0.29 9.41 0.4 1.74 7.6 2.47 9.25 5.88 6.43 5.72 7.36
char 23 k k n n i i n c l a f p b e o h i i f i s o d
bool 24 0 1 0 0 1 0 1 1 0 0 1 1 0 0 0 1 1 1 1 0 1 1 0 1
double 27 4.92 8.73 8.03 2.64 6.51 1.26 7.08 7.05 9.72 1.42 5.88 4.42 7.65 2.99 2.74 2 9.09 1.69 9.82 0.57 1.85 4.01 3.43 5.87 5.26 4.13 8.67
int 28 10 87 50 30 31 73 1 27 4 86 84 92 5 94 61 55 70 83 81 55 77 92 93 74 9 78 8 43
int 28 67 50 66 61 29 89 17 76 89 67 14 27 71 12 95 96 60 87 66 10 69 48 5 44 53 8 13 46
double 29 9.56 0.72 0.36 5.78 3.73 5.25 9.92 1.65 5.89 0.4 6.67 8.22 3.33 0.98 6.44 2.2 3.24 3.22 4.58 4.46 7.33 6.1 1.35 0.08 4.73 4.59 3.71 5.11 3.81
char 31 b e a q k c e b t m b k d j o t i f f c l s h c p b c q n k a
bool 31 1 0 1 0 0 1 0 1 1 1 1 0 1 1 0 1 1 1 0 1 1 0 0 0 1 1 0 0 0 0 0
bool 33 1 0 0 1 1 1 1 1 0 0 0 0 1 1 1 1 1 1 0 0 1 0 1 1 0 0 0 0 0 1 1 0 1
bool 33 0 0 1 0 0 1 0 0 0 1 1 0 1 0 0 1 1 1 0 0 0 1 0 0 0 1 1 1 1 1 0 0 0
bool 35 0 0 1 1 1 0 1 0 0 0 0 1 0 1 1 1 0 1 0 1 1 1 0 1 1 1 1 0 0 1 0 0 1 0 0
int 35 87 46 66 42 59 58 27 35 82 76 10 25 50 94 23 41 38 4 18 19 14 60 20 87 92 26 45 75 59 51 58 22 18 18 33
int 36 79 15 23 67 55 97 53 27 93 81 37 17 24 1 64 59 41 60 50 75 30 87 68 75 24 28 85 99 64 65 80 94 87 49 82 96
bool 36 0 0 1 1 1 0 1 0 1 0 1 1 1 0 0 1 1 0 0 1 0 0 1 0 0 0 0 0 0 1 1 0 1 1 1 0
bool 39 0 1 0 1 0 0 0 0 1 0 0 0 1 1 1 0 0 0 0 0 1 0 0 0 1 1 1 1 1 1 1 1 0 0 1 1 0 1 0
double 40 6.5 8.47 4.38 5.81 4.19 3.55 3.88 9.88 9.29 5.38 3.86 6.2 8.16 1.69 6.35 6.51 6.13 5.62 7.31 7.19 5.76 5.69 4.36 7.19 9.18 6.12 5.69 2.47 5.28 3.09 6.88 0.18 8.72 9.09 2.96 5.3 8.14 8.06 7.06 6.72
char 41 s d m e b b q r l p e c d b h o n k j f b f e d b e e a k g j b i m s f d r l m f
double 43 0.65 2.75 0.93 7.68 0.27 3.1 2.44 2.8 2.17 4.51 4.99 8.78 1.17 6.77 5.27 1.18 0.15 4.24 0.59 0.57 9.54 2.74 2.32 5.09 1.62 1.84 7.34 2.22 3.09 8.48 2.05 1.51 2.27 5.26 4.77 8.34 1.93 4.59 8.93 9.35 5.82 5.88 0.83
bool 45 0 0 0 1 0 0 1 1 0 0 1 1 0 1 1 1 0 1 0 0 1 1 0 0 1 1 1 0 1 1 1 0 0 0 0 0 0 0 1 1 1 0 0 1 1
char 46 n j j r b h i b a h m s t e e l n l t o j l f a m b i a t a s q d d q f j m a s t f n g g l
int 46 85 29 77 56 48 34 44 38 22 63 14 33 40 87 83 18 17 69 35 13 81 18 52 34 33 32 73 34 56 96 75 18 20 86 93 74 58 30 67 16 94 29 99 56 82 52
int 50 30 12 39 23 68 14 14 44 94 71 97 55 52 79 77 31 83 51 76 22 84 7 74 92 11 39 24 95 17 82 46 71 61 23 94 87 27 13 88 18 94 88 60 29 76 4 38 61 81 53
double 51 1.94 4.63 0.81 2.61 7.69 9.96 8.32 5.38 8.52 4.3 5.68 3.61 1.55 5.58 7.71 5.22 2.68 7.82 0.38 8.9 0.95 4.26 6.35 7.47 6.27 7.72 9.27 9.64 9.88 8.96 9.7 5.19 2.06 3.59 9.55 0.02 7.72 7.57 6.65 6.93 4.44 1.07 3.11 4.17 3.75 6.78 8.01 8 4.64 3.09 4.89
double 51 7.67 0.59 3.02 4.27 8.43 6.85 7.77 6.5 3.75 0.26 0.88 9.76 5.41 0.45 5.42 7.43 8.77 0.71 7.02 5.71 5.11 4.28 3.47 1.15 4.31 5.85 8.03 0.93 0.5 5.91 3.64 6.36 9.15 7.26 5.6 2.61 8.37 8.43 4.14 5.38 7.85 4.49 8.05 6.85 6.01 4.74 6.74 2.66 8.19 2.59 9.78
double 51 1.58 9.99 2.1 4.18 3.38 9.33 7.74 8.36 5.92 8.32 0.23 7.22 1.08 8.38 4.25 2.28 5 5.57 0.48 6.3 6.38 8.69 8.78 3.48 7.93 4.7 4.3 8.4 5.09 8.86 2.5 8.98 6.49 1.14 5.26 9.5 5.24 6.04 6.86 3.37 8.4 1.39 5.73 4.68 3.72 2.21 5.55 5.64 1.2 5.64 6.77
double 53 2.32 5.06 3.94 7.24 4.79 2.94 2.2 8.7 1 4.65 9.35 8.49 7.02 6.84 9.89 5.77 5.62 7.87 3.43 5.17 5.15 2.73 2.54 1.8 6.96 4.65 5.5 2.76 4.28 3.73 0.68 1.09 7.41 4.32 6.76 1.72 5.58 2.91 9.68 9.14 0.8 3.22 1.88 1.27 9.34 7.35 4.25 8.7 9.3 2.06 3.45 7.09 9.54
bool 53 1 1 1 1 0 0 0 1 0 1 0 1 0 0 1 0 0 1 0 1 0 0 0 1 0 0 1 0 1 0 1 1 1 1 1 1 1 1 0 1 1 0 0 0 1 0 0 0 0 1 1 0 0
int 55 54 35 42 38 75 56 59 25 30 38 10 85 31 53 32 51 73 10 5 57 94 52 89 68 21 70 20 56 93 51 16 81 27 59 32 80 78 84 2 36 97 98 78 67 83 83 87 33 91 63 53 28 64 41 69
char 55 h o d b c f f j o f m p i d o d d j e m d d o f r i n e g f l g h m h j e p d n i e l r m m r r r p m o p l e
char 56 q h f q a o g c i s i o r s a s n q n d e o q p h o c e d o t t g s o r j s m a k f f c p s a a b g t c e j o h
bool 58 0 0 0 0 0 0 0 1 1 1 0 0 0 0 0 0 0 1 0 0 0 1 0 1 1 1 1 0 1 0 0 0 1 1 0 0 0 0 0 1 0 1 0 0 1 1 1 1 0 0 1 1 1 1 0 1 1 1
bool 59 0 0 0 0 1 0 0 1 0 0 1 1 1 0 1 0 0 0 1 0 0 0 0 0 0 1 1 1 0 0 1 1 1 0 1 1 1 0 1 0 1 0 0 0 0 0 1 1 1 0 0 0 0 1 1 1 0 1 1
int 62 76 80 72 59 91 68 79 81 52 35 69 85 57 37 81 63 40 6 34 19 98 49 39 23 51 17 50 78 74 20 29 45 61 37 57 47 44 71 63 99 19 86 24 56 46 20 37 58 42 55 48 84 85 58 61 52 11 85 92 21 51 33
char 63 m f c j o e g c k s r n i g e p h n n k b f q o d p g m m k c l q n c e r q h k t i e e q o o k c j i s d q n n i o i q m t n
bool 64 0 0 0 0 0 1 0 1 1 1 1 1 1 1 0 1 1 1 0 0 1 1 0 1 0 1 1 0 1 1 1 1 1 0 0 0 0 0 1 0 1 0 1 1 1 0 0 0 1 0 0 0 0 0 1 1 0 0 0 0 0 1 0 0
int 65 39 58 96 9 32 39 35 76 45 27 65 94 78 88 78 2 29 59 98 66 7 81 77 8 87 9 60 43 18 58 42 20 58 1 16 49 80 61 93 16 48 23 67 25 51 65 35 97 5 63 68 25 70 31 8 47 66 30 71 39 34 19 10 64 28
int 65 11 9 72 1 10 3 31 1 25 72 83 91 26 93 76 58 71 25 71 6 79 27 98 93 97 81 8 16 98 72 97 84 53 43 90 87 23 69 89 52 19 45 22 21 7 64 71 37 30 90 8 1 74 38 30 5 51 50 61 5 6 88 19 18 6
bool 65 0 0 0 1 0 0 1 1 1 0 1 0 1 1 1 1 1 1 1 0 0 0 1 1 1 0 0 1 1 0 0 0 0 1 0 0 1 0 0 1 1 1 1 0 0 1 0 1 0 0 0 1 1 1 0 1 0 1 0 0 1 1 0 1 0
bool 66 1 1 1 0 0 1 1 0 1 0 0 0 1 1 1 1 0 1 0 0 1 0 1 0 1 1 1 0 1 1 1 1 0 1 0 1 1 1 1 1 0 0 0 0 0 1 0 1 0 0 0 1 1 1 1 1 0 0 0 0 1 1 1 0 1 0
bool 66 0 1 0 1 0 0 0 1 0 1 0 1 0 1 0 1 1 0 0 0 0 1 0 0 1 1 1 1 1 1 0 1 0 0 1 0 0 0 0 0 1 1 1 1 1 1 0 0 0 1 1 1 0 1 0 0 0 0 0 1 1 1 0 0 0 0
char 67 p p q e b l b g d b o h a m d r p n s p m s r e e d n k b q p p a l i j d a k l j j t c r p i t n k e f r k g d d j q f l b h n r f q
char 67 p k i a p f i d b o e p g m l s e c f j t o g q k i f o s a g h a d m k s m g e l g n i h j d h a t f f p l c c p n s q d b p f g k g
bool 68 1 1 0 1 0 0 0 0 1 0 1 0 1 0 0 1 1 1 0 1 1 1 1 1 1 0 0 1 1 0 1 1 0 1 0 1 0 0 0 1 0 0 1 0 1 1 0 1 1 1 1 0 0 0 0 0 0 1 1 0 0 1 1 1 0 0 1 0
bool 68 1 0 1 0 1 1 0 1 1 1 0 1 0 1 1 0 1 0 1 1 0 0 0 1 0 0 1 0 0 0 1 1 0 1 1 0 1 1 1 1 1 1 1 1 1 1 0 1 0 0 1 1 0 0 0 0 1 1 1 1 0 0 1 0 0 0 1 1
double 74 1.16 0.95 1.26 8.64 5.95 2.64 2.24 1.92 7.33 2.04 4.26 4.79 1.62 2.38 2.4 6.32 7.55 2.26 4.37 3.9 3.08 2.61 3.15 6.17 6.34 7.79 6.21 0.58 9.07 0.89 6.28 1.67 5.43 6.28 4.8 3.46 1.07 6.85 6.57 1.85 5.2 1.04 1.09 4.69 6.56 5.45 1.84 0.81 0.07 0.38 8.71 9.54 5.85 9.75 2.26 6.83 3.85 9.29 9.4 2.62 8.39 4.84 8.9 2 1.46 7.15 4.01 2.93 4.46 7.05 2.34 9.76 7.79 0.85
char 75 p t r n s d a k n a a b b i i n g b k l k q b a l h b o q b e s l k a a f j n n f e q t p k i g t c e r e s n l r h c s s j a e e f s e a n s o o s l
double 75 0.22 6.58 4.45 1.44 1.02 9.94 9.19 3.31 3.33 2.75 5.66 1.43 2.35 1.21 2.56 8.19 0.29 2.64 9.45 1.82 7.71 0.73 0.62 4.59 0.67 4.46 3.8 5.82 1.06 9.17 2.84 8.92 8.5 4.64 8.73 6.72 1.63 4.72 3.88 6.94 7.74 6.59 0.49 4.95 9.37 4.56 4.94 1.75 6.63 0.89 5.52 9.92 5.43 3.73 5.68 9.6 9.26 0.32 5.39 0.83 3.27 9.22 9.92 9.38 7.61 3.41 6.76 2.46 6.5 9.86 4.14 5.71 3.11 6.67 7.43
int 75 15 34 20 62 82 65 33 49 5 21 99 54 32 21 82 88 75 41 9 95 39 44 55 29 87 16 61 10 82 12 40 72 38 72 85 53 54 68 86 64 40 7 44 60 29 23 86 30 18 65 63 73 77 69 63 94 25 78 22 51 45 8 45 62 31 49 6 24 40 59 1 42 8 96 91
char 75 c n k g t q t b n d e n p k n m f d g t h m k k e p j b p h b c l b k q s s q t m g i i a e j q p k j q n b i m s e i h n f b r b n k g m e c q p o e
int 76 64 38 91 73 41 29 30 11 99 26 55 10 99 43 39 58 70 9 26 7 11 57 34 66 83 24 67 74 66 85 23 10 27 36 70 45 91 22 75 42 13 96 16 42 19 56 15 86 53 38 76 7 31 22 18 16 32 57 32 22 52 88 84 83 40 58 17 90 69 52 71 82 49 31 23 30
int 77 42 73 48 4 80 92 8 59 25 1 77 60 87 30 97 67 27 26 18 91 76 88 68 97 31 89 68 14 10 12 53 11 10 93 15 13 35 67 50 62 88 26 71 46 59 81 73 10 55 34 77 90 11 88 97 6 90 37 66 74 32 39 18 77 19 34 98 28 81 7 60 21 32 83 67 31 3
int 77 47 39 14 94 94 3 52 70 6 96 23 13 11 13 89 67 28 75 14 1 39 22 30 48 59 8 48 63 95 97 86 85 81 39 23 85 98 69 37 40 42 26 15 76 25 70 62 84 40 9 16 73 81 83 3 85 72 72 12 16 58 64 26 83 36 59 58 53 98 17 58 34 72 77 83 17 97
double 78 5.24 0.94 2.27 5.66 9.35 5.1 5.62 3.14 2.12 7.98 8.27 5.23 8 2.32 8.44 8.81 9.97 4.03 8.07 0.74 9.86 0.22 9.28 5.03 6.64 9.18 6.47 3.34 8.9 1.88 6.15 5.73 2.32 3.34 6.39 6.03 3.82 9.91 9.74 3.16 1.11 2.51 0.96 9.94 0.39 7.42 9.28 2.75 5.27 2 3.54 3.43 6.56 2.68 1.35 5.89 1.17 6.73 7.1 4.48 0.59 9.44 2.51 4.49 3.79 0.43 8.31 7.22 6.05 4.38 0.38 4.19 7.44 7.47 3.59 8.83 9.87 8.23
int 80 11 2 60 88 53 6 17 35 10 93 88 95 68 8 46 43 12 20 88 7 80 3 31 13 81 21 95 22 56 25 36 7 6 50 22 14 96 98 48 26 88 4 28 22 74 17 80 38 89 6 16 97 17 38 61 88 90 33 68 45 99 19 72 88 38 58 30 34 44 4 84 32 45 60 35 93 17 98 48 66
char 82 r d g m d d o t s m e k b a j c l r q r k r q i e r h j q s t t h r g m s t q e l n r b f k p n m b l l h r c s g a f f g q j g r l q j r c g j i m p c p a s o d r
double 82 9.53 9.88 4.71 2.71 3.45 9.95 9.99 3.14 9.09 2.16 4.6 8.26 7.08 4.66 9.33 4.34 6.22 6.92 2.75 5.38 0.82 8.95 6.2 4.19 2.81 0.79 0.46 8.79 1.68 1.16 5.04 0.32 7.96 8.29 5.31 8.15 7.09 8.82 7.37 6.92 7.31 2.86 6.84 6.02 3.94 7.6 7.51 8.24 3.39 4.64 8.63 0.87 2.74 1.18 1.44 8.7 1 7.38 1.5 0.16 1.23 6.24 4.26 3.82 0.8 0.23 9.12 8.05 4.02 7.22 1.01 0.13 5.13 0.14 8.01 4.14 5.37 3.63 2.48 4.97 0.89 6.32
bool 83 0 1 1 1 0 0 0 0 0 0 1 0 0 1 0 0 0 0 1 0 1 1 0 0 0 1 0 1 0 1 1 1 0 0 0 0 0 1 1 0 1 1 1 1 1 1 0 1 0 1 1 1 1 1 0 0 1 1 1 1 0 0 1 1 0 0 1 1 0 1 1 0 0 1 1 0 0 1 0 1 0 1 1
bool 83 0 1 0 0 0 1 0 0 1 1 0 1 1 1 1 1 1 1 1 1 0 0 0 1 1 0 0 1 0 1 1 1 1 0 1 0 0 1 0 1 0 0 0 0 1 0 1 0 1 0 0 1 1 0 0 1 0 0 1 1 0 1 0 1 0 1 1 1 0 0 1 1 1 1 0 0 0 0 0 1 0 1 0
double 84 7.57 0.7 2.19 4.27 0.67 7.99 6.61 7.44 5.57 9.81 9.82 5.95 0.38 4.07 1 7.6 2.5 0.78 3.53 8.49 3.34 2.7 2.86 3.47 8.12 6.86 1.07 4 2.67 7.08 6.51 5.85 2.38 2.93 8.11 2.15 3.24 0.55 6.49 3.12 1.02 0.54 1.01 1.49 4.56 7.68 9.11 2.04 8.23 2.08 1.31 2.18 2.43 3.29 3.92 1.24 1.91 3.65 8.09 8.23 7.68 7.32 7.59 9.1 6.32 5.04 3.01 8.85 8.35 7.23 7.15 9.07 2.61 2.93 4.35 4.37 9.18 7.41 7.96 4.39 4.42 5.09 1.63 6.53
int 84 31 69 57 16 7 19 67 11 29 56 91 81 44 89 37 19 32 77 22 65 52 14 16 81 16 81 33 58 26 99 16 15 32 40 78 12 91 63 31 51 51 78 13 13 6 15 49 32 70 73 88 72 92 46 83 45 77 16 84 57 86 17 53 69 54 30 28 8 68 33 76 91 56 21 46 96 11 78 77 82 64 74 55 60
int 85 83 62 73 58 59 48 62 97 85 65 44 75 9 18 24 87 35 26 5 38 35 89 42 4 2 98 21 39 32 19 82 30 39 73 34 77 75 33 8 32 11 19 60 86 58 13 36 54 31 63 6 56 17 91 57 79 94 6 23 92 21 89 76 90 71 35 96 40 24 83 76 18 92 9 48 15 7 20 65 29 65 59 37 27 34
double 85 2.41 4.77 1.98 8.04 4.21 5.39 3.5 2.9 8.31 8.33 9.22 5.93 5.82 9.92 3.05 8.23 4.15 0.96 3.05 8 6.93 7.69 5.94 3.66 5.07 0.3 8.66 0.65 1.24 4.81 6.5 2.63 8.96 7.29 2.94 1.52 8.54 2.99 2.76 9.32 5.07 2.22 5.81 5.05 5.43 0.53 7.22 8.23 4.36 6.82 6.44 8.81 2.75 9.56 7.55 8.23 7.18 3.95 0.15 2.32 9.71 5.27 9.72 6.71 2.13 8.92 0.29 6.56 2.38 1.88 1.64 5.69 4.85 2.31 4.65 7.83 6.2 6.41 8.77 2.24 1.44 0.61 0.95 1.44 6.13
int 85 79 17 33 34 80 10 52 29 93 68 89 19 48 44 38 6 98 22 8 52 69 47 90 36 54 13 85 76 71 41 53 28 59 65 2 67 76 36 16 31 63 57 89 15 49 62 62 29 2 87 97 69 16 55 25 24 1 61 90 24 15 54 91 38 66 41 95 81 21 34 18 4 65 7 52 98 45 29 44 98 44 72 78 72 28
char 86 o f e a g o r k o m p s r f o r i s b s p g n s c a s l m o p c e e i e h d e r n c i p b h i t p d l q s g k m p h n m b t j r g p g q g g k a b m b n k t t l f j o e l t
double 86 0.54 3.59 8.27 3.25 9.62 7.41 0.93 3.53 8.66 4.35 7.4 6.28 2.05 5.28 7.79 2.56 1.53 8.93 6.47 3.09 7.4 2.7 0.11 3.5 6.81 8.16 4.94 0.64 2.18 6.07 8.67 2.2 3.57 3.9 0.78 9.81 6.21 9.33 0.25 1.08 8.77 9.22 9.32 8.14 0.38 9.82 9.89 1.67 3.03 5.8 4.63 2.16 8.55 8.28 9.88 2.91 7.81 3.1 9.08 6.99 5.02 1.51 0.8 7.7 8 5.73 5.15 4 0.8 8.35 9.01 3.95 5.66 7.69 9.62 7.27 8.09 4.28 3.89 8.3 9.55 2.89 9.09 2.85 5.61 6.61
int 87 70 61 38 78 69 20 53 7 40 90 77 68 44 15 41 96 50 6 73 81 67 70 84 49 60 30 83 21 39 51 50 45 78 3 48 33 10 94 6 26 92 90 57 62 7 86 21 8 72 17 66 94 89 21 14 91 12 68 2 47 49 14 42 21 41 76 78 34 2 44 33 27 16 64 11 75 22 49 27 82 49 28 60 34 84 89 62
double 88 9.75 3.16 7.14 0.63 0.12 5.72 9.67 2.04 1.99 6.46 8.45 9.87 8.25 9.84 7.25 2.77 4.76 2.48 9.89 8.35 9.47 4.9 2.85 4.8 5.29 5.44 9.02 7.44 6.94 5.86 5.03 3.43 1.42 4.72 9.7 7.06 8.67 6.24 3.82 7.66 8.14 3.96 8.25 2.14 8.21 5.42 4.79 6.4 6.06 4.89 8.16 9.62 1.11 2.93 3.85 8.28 6.96 5.09 1.09 0.1 8.24 8.78 5.32 6.86 5.32 2.88 2.93 6.49 9.65 3.95 1.69 0.44 0.59 9.43 1.92 7.72 8.18 7.47 2.94 9.28 9.71 1.15 9.73 2.86 4.9 0.64 0.96 8.42
double 88 2.57 6.23 3.91 6.98 1.03 8.04 1.52 9.44 9.23 1.11 0.86 3.66 1.88 7.54 6.06 7.4 2.6 5.87 4.55 4.29 2 2.33 0.4 8.86 1.97 3.69 4.77 3.24 0.17 4 0.56 7.03 7.67 3.02 7.67 0.59 9.02 3.11 3.22 4.78 9.32 3.57 7.44 4.74 1.7 0.57 7.99 1.85 9.76 0.81 1.75 4.49 2.27 1.43 7.19 7.42 4.56 4.8 0.8 6.63 7.51 8.91 2.21 6.8 2.42 0.8 7.05 0.37 1.68 6.36 1.47 9.5 6.58 1.61 7.9 9.84 5.22 4.12 9.46 7.44 9.01 7.99 7.16 1.29 6.71 9.37 1.38 0.28
int 90 82 10 73 70 34 18 91 13 45 67 7 55 68 55 87 54 44 68 57 45 59 43 78 97 91 90 47 75 91 40 58 91 31 90 32 14 58 37 5 6 26 92 39 51 87 14 35 79 87 29 91 21 72 1 49 9 63 79 38 80 11 58 14 55 42 87 99 56 81 31 57 8 63 34 87 54 55 68 9 73 57 50 77 35 9 10 29 51 72 24
int 90 97 85 80 27 21 52 48 87 71 39 80 23 97 9 48 78 66 64 86 7 19 86 61 80 3 59 2 14 87 36 16 11 7 44 46 55 80 1 27 31 54 2 93 99 97 85 50 93 52 28 50 89 2 82 57 17 9 51 54 53 91 84 56 24 56 80 6 28 79 39 92 72 8 8 72 21 61 35 69 93 55 57 74 65 13 24 73 26 86 8
bool 91 1 0 0 1 0 1 0 0 0 1 1 1 0 1 0 0 0 1 1 1 1 1 0 0 1 1 0 1 0 1 1 1 1 1 1 1 0 1 0 0 1 0 0 0 0 1 0 1 1 1 1 1 1 0 1 1 0 0 1 1 1 0 0 1 0 0 0 1 0 1 1 1 0 1 0 0 0 0 0 1 0 0 0 0 0 1 0 1 1 1 0
char 92 d r h b d e j m s a t k t m p h p a p d d j g d n k r m b i r b h r m g t p l c t f c a e i k o l e r c m e s f p h j a j e r q k m c a m c c d t i p g e c n g k k h d e r j p k n j k
double 95 3.35 4.64 9.33 0.12 2.96 0.28 6.24 1.92 4.29 0.03 5.26 4.83 4.12 9.36 0.38 1.18 9.42 1.15 7.24 6.25 4.65 3.65 0.9 3.82 7.84 7.07 6.78 9.39 0.02 7.92 7 3.95 1.84 1.9 5.17 7.35 6.96 6.46 3.17 8.44 0.51 4.23 3.39 7.41 0.7 8.56 5.81 2.05 1.95 4.86 5.97 6.38 9.71 8.25 1.25 7.34 6.72 9.57 4.96 2.18 4.94 6.86 7.63 5.95 6.52 6.35 4.77 8.84 1.46 0.75 9.32 8.82 2.93 8.9 1.3 5.79 2.28 4.44 9.41 1.49 7.59 1.33 1.53 2.92 5.38 6.62 5.36 9.34 9.46 8.75 7.22 8.18 4.14 8.11 2.92
double 98 6.02 3.95 8.19 4.28 3.85 6.34 0.02 6.57 7.2 5.97 1.82 2.77 1.25 5.03 0.02 1.91 0.87 5.11 3.06 3.93 7.16 7.66 0.84 6.99 6.62 7.13 4.82 1.53 9.63 2.41 7.8 2.21 8.52 6.28 4.92 3.84 7.39 4.3 1.37 0.88 4.4 0.96 4.7 8.9 4.91 8.99 9.72 6.26 3.33 5.21 9.53 7.88 2.25 7.27 8.82 8.12 5.39 9.76 3.86 6.89 9.87 2.62 4.29 0.49 7.54 3.42 7.46 7.54 9.89 1.05 8.94 6.74 4.34 5.73 3.44 2.89 2.45 8.93 9.29 3.49 7.07 8.03 8.1 7.3 2.51 5.39 8.34 3.35 3.6 0.06 6.7 0.47 9.24 9.8 5.1 1.97 0.88 6.87
char 99 c e k c t a q o t i i q q e m l q l k t c k f h i q q h i l f e p p a q e h n s b i d g r l k q s b l n e s q k g c m d o d c d g k s c j q f g e r g j m p d k s f o o h q l c o t b k h l j g s f c
bool 100 1 1 1 1 1 1 1 1 1 1 0 0 0 1 1 1 0 1 1 0 1 0 0 0 1 1 1 1 1 0 0 0 0 0 1 1 1 1 1 1 1 1 0 1 1 0 0 1 0 1 1 1 0 1 0 0 0 1 0 1 0 1 1 0 0 1 1 0 1 1 1 0 1 1 0 0 1 1 0 0 1 1 1 1 1 1 0 0 0 0 0 1 0 0 1 0 1 1 1 1
bool 100 0 1 1 0 0 1 0 0 1 0 0 1 0 0 0 1 1 0 1 1 1 0 1 1 1 0 1 1 0 0 0 1 1 1 1 0 0 0 0 1 1 1 0 1 1 1 1 0 0 1 1 0 1 1 1 1 1 1 0 1 0 0 1 1 0 1 1 0 0 1 1 0 1 1 1 1 1 1 1 1 0 0 1 1 1 0 1 1 1 0 0 0 0 0 0 1 0 1 0 0
char 101 r h r r m o g d t l d g c k f b o t b f b g m d n a p f p m e m m m g q o l e e e k d i a c q s q n t l k m c h r a q m q c m e d p a e d r c f s j h l d t k b h n d o d p m j e b a l k e r h m j g a p
char 103 j d d d n e e c r j n m l r g d m d n l l m q q i p n m b c a h q d j t a b h d c m q e h s j j a p f m p q m m p o q f f g k k r o t p r p s n t s l n n c l o b b e t f o o r b r t o t r t p k k s n g c t
int 105 58 48 95 49 42 80 27 99 60 46 73 50 89 53 80 84 4 94 30 97 58 49 32 82 12 13 31 44 54 2 36 48 98 7 1 35 40 20 71 21 75 85 66 97 34 25 51 86 39 20 22 31 70 5 80 59 48 80 54 74 4 86 21 1 40 93 99 99 5 6 28 35 74 63 40 28 66 67 44 29 77 72 92 52 84 59 7 84 93 41 46 55 41 53 50 88 78 18 43 5 35 88 23 49 16
int 106 82 17 61 54 42 65 49 37 66 37 97 44 84 81 49 97 45 55 75 78 58 1 3 91 65 37 90 42 43 43 21 78 45 35 21 49 50 66 11 32 82 56 80 33 78 39 31 45 71 98 32 84 52 72 12 19 98 96 71 69 39 53 91 45 81 79 55 31 7 34 81 51 79 70 85 41 18 94 53 88 27 6 72 71 11 23 83 87 40 57 33 54 2 54 56 73 6 33 64 13 41 56 99 69 61 14
double 107 9.97 4.3 8.64 9.03 3.05 3.36 2.7 6.68 5.84 9.54 8.93 3.43 5.13 9.99 3.56 5.55 1.71 8.93 8.34 0.03 7.58 1.61 4.73 7.24 9.32 8.24 5.26 2.75 6.75 5.76 6.11 5.18 3.45 7.07 0.24 1.3 0.98 4.37 5.73 2.56 4.18 1.43 6.32 5 2.99 5.76 4.69 0.6 7.4 8.04 7.87 0.72 9.07 2.97 3.3 9.27 9.88 3.02 0.1 3.3 0.71 8.39 9.12 4.44 6.29 1.06 3.69 4.49 5.06 0.94 8.93 2.12 1.26 7.63 6.35 0.4 0.03 2.07 8.01 2.5 2.57 8.26 8.79 8.9 7.35 9.93 7.26 1.41 6.46 4.59 0.56 8.89 2.29 1.03 4.71 2.99 0.57 6.28 0.24 7.74 4.62 6.89 2.32 7.62 5.25 6.78 4.66
