10 1 1 17 11 8 17 18 17 17 14 4
14 6 23 17 11 3 6 2 3 16 0 20 25 26 20 23
30 26 55 16 29 8 0 22 52 36 7 6 51 12 11 23 36 5 7 53 46 33 32 45 40 33 57 33 15 39 31 58
34 31 8 25 18 28 6 31 47 49 4 60 32 35 12 13 4 22 23 43 38 32 8 53 43 26 5 10 13 66 64 67 27 14 48 20
34 18 3 52 4 67 3 25 22 12 7 24 1 28 49 34 57 35 24 54 14 48 23 35 18 35 2 67 64 9 24 38 37 3 33 14
38 33 3 65 74 74 56 20 48 57 20 36 28 41 73 22 63 61 29 11 59 41 5 39 48 14 33 64 15 26 20 56 14 45 65 60 45 52 56 4
46 16 63 43 13 71 5 17 13 82 37 64 27 69 21 84 4 81 53 32 68 27 82 44 24 61 0 10 72 38 46 14 22 42 85 47 11 27 53 85 42 51 13 65 9 88 60 39
54 40 46 34 12 55 28 26 43 96 77 95 78 93 101 2 97 27 95 100 94 67 104 104 13 100 96 84 51 5 2 53 79 74 48 104 60 30 36 19 6 2 26 26 81 99 7 87 55 71 73 87 47 43 9 51
58 47 3 110 47 11 11 101 33 21 86 88 69 67 100 88 13 15 5 23 38 24 50 107 100 41 28 44 43 95 51 99 57 112 28 69 4 69 15 68 41 55 80 112 85 55 84 46 45 79 73 72 52 38 56 65 102 65 86 55
62 3 73 101 47 80 48 83 91 105 31 53 43 51 65 64 39 43 37 66 81 6 28 33 103 19 123 68 110 34 18 19 55 42 31 41 10 40 118 36 42 120 31 67 98 101 16 70 26 29 5 91 85 119 29 20 58 88 11 123 40 30 105 61
62 17 19 79 86 75 117 4 72 5 105 15 108 109 103 95 24 27 86 111 122 8 100 9 94 80 107 114 111 107 63 39 18 17 13 71 44 114 53 97 118 77 53 5 70 20 101 30 46 51 9 75 60 104 96 81 17 118 109 48 4 82 79 98
66 30 13 65 78 84 121 10 39 65 38 74 56 56 30 87 9 44 63 61 106 66 28 66 124 59 95 26 84 121 124 4 28 18 131 60 106 55 122 107 52 15 124 22 70 32 2 100 94 19 101 116 10 7 8 74 61 108 126 117 114 20 128 97 79 48 75 22
66 29 82 4 57 74 10 12 127 131 55 97 93 26 29 95 57 89 85 89 15 117 104 55 70 31 5 0 81 29 26 39 64 57 73 29 119 85 117 28 104 99 54 89 119 103 79 68 27 95 16 18 28 75 107 91 115 44 87 22 17 29 122 64 84 115 65 129
66 8 126 116 110 91 5 81 5 127 82 130 76 43 44 97 33 98 39 30 50 19 46 129 24 8 126 91 61 78 89 72 27 83 59 36 42 24 36 42 56 95 42 96 30 75 12 46 113 94 20 72 7 29 111 32 78 4 1 44 54 100 40 103 93 19 122 24
74 21 75 132 65 67 80 89 115 28 88 94 29 108 105 112 103 65 96 3 113 134 53 43 96 65 115 119 26 138 108 142 76 33 101 139 47 115 35 143 115 137 95 30 67 52 72 88 34 93 130 18 13 35 34 122 64 137 0 7 45 110 1 95 30 127 73 120 142 75 42 65 44 146 30 115
74 68 86 90 12 32 6 54 83 25 84 3 32 36 138 52 119 93 23 80 19 95 56 125 16 115 116 9 89 147 122 127 138 134 118 40 27 15 48 145 75 113 0 128 95 64 27 145 129 117 8 130 16 72 65 108 98 35 71 3 67 140 138 77 129 98 58 69 106 118 109 5 71 92 6 37
78 17 80 94 152 79 8 33 4 116 138 127 68 64 50 67 139 108 107 154 30 107 8 142 52 0 117 93 79 81 43 127 93 21 71 66 127 12 23 129 112 90 84 109 78 92 72 103 115 71 108 66 53 91 130 3 40 70 85 13 49 117 98 57 58 64 102 15 72 15 4 112 10 109 146 121 16 76 56 101
90 73 118 22 5 0 109 152 15 114 177 153 80 19 17 77 29 155 75 21 35 49 86 86 128 20 95 10 169 141 2 12 119 34 76 137 65 137 160 36 118 13 27 155 169 157 68 2 6 48 134 99 165 33 37 122 100 138 60 106 94 86 141 120 126 136 48 112 81 68 7 101 166 72 127 53 91 109 56 51 83 37 83 8 33 28 123 8 155 14 147 77
98 87 0 195 48 88 123 158 151 110 89 144 125 164 120 184 126 34 117 83 138 33 28 140 53 114 56 143 163 171 136 59 100 118 42 102 88 26 128 110 171 36 42 170 132 186 5 89 61 95 41 13 60 99 188 138 137 55 21 73 147 181 144 185 10 108 47 22 19 170 6 125 136 189 15 41 67 82 110 187 72 28 139 59 183 68 40 37 165 175 66 60 183 119 68 85 20 127 65 1
102 11 4 81 60 177 68 4 139 128 153 167 14 111 135 74 47 91 79 194 127 102 152 103 142 186 92 18 181 131 167 147 134 93 162 181 119 77 27 62 41 174 91 23 43 102 0 160 188 35 81 180 21 77 102 81 72 10 11 88 63 180 123 178 84 5 104 177 71 12 100 33 170 21 191 183 149 45 203 197 49 98 55 86 95 92 62 88 46 157 4 166 22 129 181 164 33 4 174 133 173 117 135 38
106 60 175 89 154 59 71 130 77 11 165 172 36 61 210 144 207 178 191 192 179 147 34 21 98 167 13 39 0 167 95 8 3 197 15 105 40 121 194 168 188 58 170 75 149 90 72 115 42 210 135 54 110 91 148 26 66 164 154 22 86 167 94 97 138 169 205 96 65 159 119 49 160 74 206 142 186 131 3 111 87 159 34 155 163 204 94 176 91 147 51 94 154 76 142 115 88 194 60 184 80 14 111 47 160 53 21 101
106 75 108 184 186 32 94 93 55 152 83 150 160 94 169 108 111 50 71 60 17 79 15 135 137 179 151 170 62 144 151 38 104 152 33 49 40 157 162 39 115 122 70 206 64 208 127 122 200 160 195 210 27 30 193 173 130 175 16 73 3 158 95 77 177 188 81 211 11 205 168 51 173 55 210 82 37 154 84 118 52 133 75 21 80 78 158 86 3 84 34 68 207 3 203 94 180 20 177 151 66 103 120 160 155 45 190 40
106 59 23 36 158 89 200 55 14 113 185 31 113 205 7 191 173 210 175 3 116 86 96 129 60 78 102 96 211 105 28 26 69 198 11 190 115 72 173 25 23 47 105 167 19 28 8 125 104 55 206 121 51 157 173 86 78 90 53 32 3 210 189 182 22 6 50 140 128 157 17 77 76 192 105 62 86 33 173 33 169 13 151 105 56 98 5 152 105 13 1 118 63 90 17 91 85 14 182 156 202 62 112 169 133 87 62 95
114 7 66 111 45 32 210 212 81 0 60 176 103 163 45 147 43 30 37 127 182 200 139 90 108 74 105 84 34 132 171 29 124 94 76 213 47 192 54 35 156 19 1 144 122 81 98 97 104 55 158 31 153 145 50 155 115 226 156 119 173 169 180 113 181 166 145 116 82 100 126 208 1 36 105 149 226 150 82 61 135 56 179 181 96 164 179 166 46 217 67 189 163 120 188 121 3 151 137 87 42 63 171 181 113 20 179 49 30 99 97 57 111 64 121 14
114 34 11 86 21 86 76 21 141 4 55 121 94 177 96 68 74 199 24 78 103 116 25 151 37 62 90 53 159 203 78 129 191 22 218 19 53 24 35 104 56 214 14 101 125 134 44 154 96 80 192 142 131 67 219 183 226 90 34 147 226 54 168 61 97 141 77 0 138 220 209 130 48 59 160 116 99 92 216 168 96 137 127 25 220 159 122 136 33 48 142 5 93 65 154 57 8 29 81 98 89 209 43 91 126 28 127 7 80 76 193 114 217 64 117 113
118 16 133 158 29 105 221 15 191 73 108 152 34 26 34 127 164 207 129 215 105 127 13 109 170 191 56 5 34 97 212 179 69 3 16 73 170 23 210 146 74 95 7 178 185 95 98 211 191 166 128 160 74 92 202 92 102 35 67 119 78 61 162 99 11 74 52 106 125 67 173 194 154 193 224 61 85 138 130 7 154 156 12 198 68 79 108 93 211 59 99 46 87 225 21 2 78 60 28 118 166 142 47 224 104 81 130 213 133 13 172 222 22 136 82 118 131 148 81 35
122 115 173 173 76 93 157 93 101 72 10 222 232 134 115 209 151 71 220 128 120 120 43 97 128 93 227 36 162 125 26 233 8 113 173 103 239 47 155 197 196 185 153 159 139 37 131 98 203 228 108 51 60 166 22 194 216 159 127 120 204 83 209 4 24 196 4 195 209 210 13 105 147 192 167 4 43 235 21 218 211 43 64 192 231 221 31 18 145 161 236 144 130 242 206 172 162 83 76 63 218 8 145 194 221 24 110 36 87 133 69 200 200 72 225 42 204 60 155 180 143 51 138 176
126 53 246 145 205 15 236 147 92 231 167 244 230 126 61 95 33 153 107 245 133 38 149 178 155 115 138 246 15 125 36 217 135 37 221 77 202 236 3 182 134 112 85 162 21 82 148 87 39 226 55 3 83 27 104 211 219 240 199 165 54 0 203 98 197 93 242 101 68 105 78 134 23 118 197 77 37 77 31 183 141 132 95 0 63 220 157 36 80 58 21 232 197 212 63 35 132 94 104 180 106 51 44 215 204 9 163 204 190 217 114 80 103 163 56 85 233 185 237 200 140 116 233 178 85 50 116 218
130 55 133 28 23 80 173 4 134 181 205 165 68 117 243 181 19 185 220 122 233 165 136 245 94 178 246 17 219 245 23 186 111 18 112 43 24 131 40 191 53 39 194 203 17 173 157 210 89 60 63 211 175 27 153 144 18 126 254 224 19 16 159 0 226 18 239 89 9 129 19 76 210 190 146 159 235 87 190 145 56 259 213 16 84 35 51 171 183 187 61 246 76 154 39 179 28 187 128 209 38 250 106 36 76 118 189 188 193 205 11 93 188 249 238 34 209 195 71 72 90 197 141 14 68 178 171 64 52 157 29 157
134 125 206 184 51 34 12 53 218 180 49 13 148 206 213 148 211 203 221 121 156 95 265 22 195 218 106 194 48 76 57 195 76 153 130 167 226 16 101 251 145 202 16 64 66 256 106 83 193 232 54 11 165 19 228 155 171 35 188 150 118 187 187 193 101 236 31 130 141 207 156 64 267 209 243 142 121 78 115 196 31 39 38 194 184 221 46 90 109 114 153 203 135 151 264 27 236 176 132 230 207 116 257 136 123 82 92 207 33 215 24 45 233 155 129 221 17 96 190 9 227 182 175 215 184 51 266 55 14 232 256 59 30 66 119 170
146 20 179 289 206 174 201 265 286 117 276 24 93 250 223 249 9 76 0 170 132 245 240 73 285 184 165 266 271 273 68 16 221 93 284 252 155 257 178 265 176 151 96 33 248 63 62 36 271 79 177 213 12 170 114 41 135 14 219 183 196 105 184 133 284 53 216 25 200 10 255 177 244 107 198 86 2 135 156 98 158 180 195 106 266 132 58 48 284 37 257 291 13 215 283 108 67 42 166 17 262 86 16 144 262 211 135 114 232 4 66 120 218 104 254 265 235 40 48 8 163 162 138 189 118 145 179 85 35 141 216 233 157 106 211 112 126 23 83 191 170 45 203 116 140 218 18 78
158 6 60 245 143 312 141 277 209 293 234 268 167 59 171 273 46 19 36 136 281 76 153 168 27 187 77 3 143 127 244 251 153 38 33 71 94 189 303 137 78 122 10 5 238 263 223 81 74 18 247 13 241 211 109 171 244 34 126 207 249 287 268 223 21 60 267 124 81 212 164 82 64 199 88 119 97 160 140 202 315 79 158 129 236 197 60 177 203 94 228 208 182 167 194 239 277 31 295 311 124 257 246 281 179 106 0 289 112 17 40 25 139 311 19 22 100 269 210 19 99 29 236 266 31 161 174 156 177 315 28 183 77 77 305 298 92 227 254 136 182 55 196 225 130 259 199 37 205 221 315 191 248 91 151 111 23 205 104 259
162 9 47 96 162 83 99 255 22 173 291 67 97 275 320 102 27 255 122 167 265 88 214 31 98 58 202 291 62 168 166 53 290 199 49 47 290 232 272 149 133 65 15 107 317 128 171 6 276 287 173 83 322 118 93 195 289 180 242 6 199 294 39 119 49 188 90 58 211 163 275 281 163 300 12 217 198 323 309 309 179 259 8 137 273 78 243 206 24 227 55 92 194 275 56 259 183 78 24 174 304 0 41 236 203 178 226 126 243 68 260 44 35 216 136 4 97 188 6 278 320 321 170 233 162 233 192 227 189 199 53 243 130 288 37 4 98 237 66 57 30 136 187 120 97 78 28 220 129 56 165 49 310 161 163 212 320 226 262 198 193 82 303 257
166 7 301 312 282 206 244 291 295 330 138 109 261 90 21 115 29 130 132 306 68 136 67 314 9 140 206 174 57 106 232 247 274 281 71 195 284 125 212 285 284 75 277 15 102 136 28 112 181 302 176 318 226 196 199 314 49 248 215 16 285 173 192 263 27 206 112 164 203 224 280 280 30 152 71 105 322 152 263 223 6 287 249 176 309 82 286 172 23 178 226 146 31 87 137 211 102 117 75 239 83 194 50 29 320 317 11 157 17 203 322 114 273 303 221 277 18 303 303 221 191 166 152 122 52 161 248 4 270 209 197 236 25 52 29 262 295 321 129 279 2 207 104 187 158 33 191 59 144 263 287 139 128 105 194 118 123 10 103 175 123 275 111 42 264 168 81 269
166 68 303 99 183 75 30 55 2 275 180 132 106 192 8 58 268 26 189 107 226 306 299 61 108 312 282 246 243 45 23 201 254 94 104 139 216 14 186 325 83 213 302 247 200 189 288 122 52 90 331 60 5 143 329 227 164 199 60 236 75 114 240 153 262 35 109 296 87 249 10 116 206 64 196 299 117 19 202 81 104 154 280 273 182 60 214 129 99 16 286 31 228 13 143 136 12 290 271 47 221 235 3 104 4 182 230 297 119 204 47 104 269 68 106 235 114 319 178 96 139 118 272 118 282 286 173 148 24 212 176 201 328 265 319 83 173 189 178 266 116 70 94 301 49 11 206 279 155 121 108 181 197 114 130 86 289 165 181 166 96 178 322 312 298 123 163 261
170 61 283 234 326 29 253 13 91 145 270 69 205 302 145 22 112 299 162 4 11 131 106 222 333 181 184 159 71 330 219 219 326 146 109 13 114 187 283 172 249 63 177 319 297 165 281 283 287 136 67 252 114 203 96 278 318 97 260 292 13 262 97 200 299 283 331 34 135 202 79 180 309 171 263 255 285 175 196 92 154 93 151 206 113 246 205 197 16 175 94 330 331 176 94 163 125 23 237 313 299 87 149 247 321 180 59 263 155 89 55 68 336 172 292 212 248 192 285 270 10 304 287 224 206 48 85 259 51 95 79 257 141 201 8 308 205 311 307 149 36 194 113 272 76 278 106 137 282 45 27 223 238 270 25 278 135 318 229 126 281 131 28 35 182 217 173 282 314 75 131 30
174 25 207 280 50 277 18 107 225 138 141 329 15 90 3 122 90 115 100 98 46 281 319 235 103 204 269 126 84 96 58 255 154 56 288 80 153 175 1 189 130 80 102 115 332 169 144 46 233 259 288 316 291 190 173 225 112 38 247 76 266 339 55 326 300 229 128 224 199 300 47 144 19 109 326 245 239 331 319 227 280 106 171 325 204 242 163 154 259 101 162 247 155 16 65 292 298 298 61 75 39 142 101 337 86 29 347 82 187 107 95 130 295 231 133 91 5 329 212 299 337 243 239 95 307 345 255 218 161 268 85 243 6 135 21 331 61 98 45 183 196 215 316 11 41 47 189 29 73 286 238 327 32 287 109 188 230 164 322 283 165 280 152 16 176 292 75 115 89 70 125 5 242 52 3 244
174 34 340 61 136 70 25 143 124 232 319 131 129 6 173 175 234 228 37 189 20 67 321 323 221 92 204 327 268 86 77 147 299 153 16 61 347 119 13 163 56 239 232 114 0 40 272 69 104 177 74 145 209 37 76 238 267 153 193 296 261 221 142 153 237 200 259 205 223 128 12 106 192 6 281 27 247 307 140 248 71 43 339 18 146 295 145 188 318 29 74 233 8 193 148 27 217 0 196 29 191 14 101 255 331 12 240 255 85 5 86 159 222 333 110 312 286 236 300 126 75 192 14 277 163 215 153 291 334 336 331 51 309 240 145 3 235 65 109 114 237 333 236 136 94 12 80 143 183 85 312 66 160 35 287 96 119 306 145 317 156 106 203 98 194 64 34 111 196 184 344 290 67 87 253 216
174 135 166 220 284 239 62 281 19 160 244 250 273 283 44 326 72 293 256 123 197 307 333 154 151 343 343 264 28 302 60 215 164 277 219 203 162 22 55 39 197 81 86 295 284 100 37 180 241 10 13 290 154 187 261 212 222 220 58 17 282 94 222 344 194 324 74 20 307 151 303 238 41 226 164 271 117 271 315 247 286 134 196 171 243 340 285 230 116 148 145 23 89 204 269 263 37 84 135 124 32 62 107 312 274 203 250 121 228 342 49 103 180 230 335 116 97 175 225 25 297 42 325 334 256 75 147 126 343 118 275 229 292 42 55 106 255 128 280 195 317 164 313 228 94 74 35 190 163 76 83 316 344 284 102 293 284 64 238 140 166 227 275 159 23 23 121 20 115 156 5 101 181 202 327 296
178 17 143 19 347 70 99 3 101 74 301 116 160 238 165 291 262 338 61 32 206 14 277 250 167 43 185 274 117 42 66 253 306 19 178 2 37 260 278 249 293 319 323 108 204 123 136 229 9 303 337 177 307 66 78 77 172 268 60 179 98 277 64 67 344 244 45 71 121 147 96 6 111 133 38 249 238 119 240 325 148 113 316 343 108 206 62 54 196 205 61 253 157 88 186 113 302 58 67 236 237 252 175 281 163 15 17 33 203 68 88 306 238 211 118 7 152 289 72 77 336 254 34 94 204 336 152 86 114 96 334 80 6 154 53 292 315 283 224 82 162 44 180 149 69 246 341 299 152 68 209 337 241 182 21 281 213 92 293 290 173 212 203 72 79 31 229 251 286 108 326 148 62 250 98 311 64 206 239 85
182 3 1 63 325 176 192 251 293 87 304 263 359 259 250 227 338 349 109 241 276 256 80 273 129 229 183 90 14 235 285 17 242 125 276 269 74 72 8 239 10 45 67 109 341 262 111 98 102 60 41 323 349 314 142 35 14 128 264 168 70 158 332 325 29 179 104 10 7 340 248 325 189 320 1 286 10 138 187 303 69 326 183 147 282 297 100 143 66 59 32 60 357 235 64 289 42 76 120 150 325 281 112 100 54 338 289 100 288 155 95 296 318 313 123 338 343 353 35 160 63 175 179 67 84 257 192 299 226 142 350 75 275 36 51 50 65 113 108 139 7 178 42 178 320 146 58 152 0 342 103 43 180 267 41 146 240 354 198 57 82 118 99 61 344 273 129 111 0 338 342 285 78 313 215 143 44 285 66 355 323 89 71 186
182 151 125 227 171 52 254 323 113 21 56 66 301 122 101 335 205 250 127 255 260 195 276 108 310 153 5 13 342 219 183 282 311 323 63 29 91 164 350 163 215 41 81 158 335 276 350 344 331 120 186 186 323 160 115 269 281 132 336 34 127 339 244 315 182 221 70 108 331 352 74 234 124 240 112 66 20 298 299 259 354 216 94 233 57 214 79 245 337 354 211 22 170 17 242 255 148 97 196 11 197 210 128 296 9 213 2 164 9 313 211 172 146 85 46 190 222 152 17 102 327 20 340 248 110 151 35 13 293 113 222 292 29 37 231 305 110 247 164 207 197 276 224 154 139 133 219 278 296 351 109 63 303 363 312 314 88 24 312 21 67 223 50 48 43 103 159 262 344 80 329 188 12 196 141 299 258 12 52 239 8 319 214 96
186 127 171 131 262 95 247 342 168 52 265 144 277 213 32 25 302 348 227 170 242 205 363 353 267 358 204 266 345 91 7 369 262 232 277 222 266 71 286 312 243 303 122 98 36 9 87 184 93 332 351 230 152 41 357 330 219 4 167 329 107 220 32 92 128 282 223 336 116 265 214 306 181 310 88 169 282 333 338 154 218 16 162 354 30 169 307 127 130 137 111 248 337 227 310 46 248 345 310 167 249 242 72 365 240 69 54 158 191 54 176 254 17 341 9 161 200 132 46 361 234 227 269 104 197 142 239 165 159 32 29 358 55 155 153 95 130 305 296 285 282 293 243 236 61 125 225 92 222 307 139 276 303 286 128 311 165 244 32 0 280 64 282 217 364 285 102 229 259 46 336 49 164 353 94 190 69 102 24 100 82 211 203 122 61 54 96 43
190 158 160 253 255 49 310 138 185 22 47 97 28 186 222 335 65 15 256 319 64 73 370 305 152 231 235 20 39 83 112 133 118 43 96 303 65 260 365 156 34 249 7 302 325 354 104 252 200 256 41 331 186 55 289 321 297 317 175 217 32 271 378 59 344 174 247 97 270 370 290 372 345 285 135 71 41 179 313 73 328 34 363 192 105 293 184 230 305 141 56 294 317 266 366 353 42 277 199 62 330 34 175 308 68 58 6 164 28 160 357 318 151 333 285 53 366 175 81 30 112 275 155 273 92 263 292 161 111 97 124 194 77 263 184 77 129 144 272 223 91 249 314 352 73 326 78 22 92 287 70 12 133 337 216 146 147 324 174 29 227 353 363 47 157 207 329 208 237 185 374 269 359 327 58 114 38 254 299 183 106 219 369 26 335 93 100 34 360 176 278 194
194 140 36 118 261 91 75 232 281 86 387 363 130 332 313 110 149 258 308 59 177 74 310 306 300 95 179 75 123 97 194 216 256 163 269 292 294 222 45 353 357 95 386 187 167 201 120 4 67 128 139 32 257 143 136 380 283 282 358 48 373 92 331 14 47 161 179 277 10 33 372 257 264 66 164 174 35 346 89 357 262 282 371 375 36 372 270 275 289 80 120 375 205 246 317 358 4 78 158 15 359 328 98 29 154 111 15 13 201 44 333 312 217 140 193 169 320 21 248 7 312 266 364 106 379 362 383 193 43 349 9 11 21 76 298 256 116 167 374 357 246 52 236 125 241 138 69 315 223 28 141 274 4 158 47 119 230 377 168 69 68 177 132 337 121 245 120 311 381 317 162 160 132 191 226 268 0 270 90 146 112 298 144 198 1 9 344 275 339 238 62 341 322 44 161 305
198 68 271 276 145 255 102 264 283 314 373 196 225 379 89 76 208 56 244 190 10 177 163 54 74 302 383 360 384 88 41 219 300 185 347 22 321 299 143 254 350 371 354 37 10 226 318 38 48 197 261 100 359 221 382 70 391 1 373 383 142 376 275 187 353 278 170 23 108 172 275 86 361 237 109 389 117 138 372 12 86 0 175 39 179 227 304 110 208 359 185 75 175 233 353 372 137 181 332 352 254 198 3 155 57 151 17 50 246 134 298 249 380 194 387 270 143 240 34 181 309 95 40 74 95 186 309 174 189 124 388 21 133 386 94 35 175 101 260 345 234 138 82 92 215 76 108 350 298 158 82 204 111 315 64 246 224 200 41 231 219 254 216 263 386 245 7 229 21 100 154 36 70 360 284 248 144 250 283 342 100 244 49 23 109 238 109 7 212 389 195 297 340 149 369 189 11 102 44 244
202 96 373 170 24 218 8 344 187 27 174 62 93 366 287 301 389 294 187 397 143 403 251 373 216 60 360 84 331 76 30 147 244 336 0 349 201 125 288 65 206 295 218 349 69 31 226 13 139 281 211 16 10 313 221 22 403 209 363 21 370 242 60 124 400 346 148 221 107 271 354 108 56 91 207 335 390 71 63 21 388 256 222 178 37 81 343 295 81 257 232 130 227 183 62 66 203 286 385 313 61 15 234 103 175 66 51 298 244 11 302 163 354 46 38 198 57 70 123 208 252 294 239 320 370 314 354 362 286 334 333 137 232 6 340 386 39 97 318 133 214 373 151 395 275 65 26 327 215 205 168 194 180 50 178 12 234 343 326 309 381 126 313 132 159 237 13 331 110 325 243 81 165 266 3 239 213 284 397 215 179 2 189 151 62 245 163 310 240 215 127 319 35 127 171 374 292 288 391 374 318 131 188 398
206 165 358 291 304 169 270 76 107 199 60 279 304 61 105 142 271 395 212 36 261 120 166 170 400 25 283 265 20 196 112 378 231 227 184 72 45 204 288 291 91 187 377 32 63 246 162 17 120 291 169 90 405 303 183 144 135 292 248 394 169 57 118 142 34 253 260 266 13 31 180 332 82 96 373 87 371 120 90 139 169 254 201 264 167 293 70 6 202 49 303 265 55 280 115 190 133 106 203 190 82 280 295 64 50 86 119 106 383 143 114 191 92 29 72 146 131 14 308 201 245 276 104 258 225 333 233 322 327 390 44 62 237 264 256 57 127 142 223 237 149 115 48 201 399 110 14 224 268 242 81 75 82 406 59 167 17 269 308 378 323 255 279 111 55 303 130 284 258 78 282 189 61 278 377 236 304 333 291 167 283 258 323 373 383 201 183 200 90 197 239 94 280 268 204 150 356 128 130 367 407 332 84 23 177 71 330 361
206 110 215 64 141 154 116 321 239 345 300 252 51 211 230 270 289 390 284 156 103 102 389 20 382 359 161 1 103 250 335 311 217 346 218 246 337 389 30 384 111 112 235 169 387 224 334 77 57 32 34 341 150 261 138 31 358 74 227 313 147 103 389 129 38 272 108 275 191 213 26 233 264 115 132 44 379 113 95 146 50 359 148 159 228 117 1 301 400 385 287 312 326 140 291 208 375 28 60 302 385 141 259 27 302 201 237 326 285 35 183 291 9 341 390 364 337 198 290 287 214 295 87 327 180 132 85 32 143 329 371 393 21 380 308 304 20 14 49 187 365 82 271 309 410 263 397 232 337 384 74 383 45 246 281 324 267 104 199 11 259 7 157 384 82 49 166 101 166 357 296 86 57 327 316 235 124 322 75 28 199 19 97 124 297 187 307 213 207 396 46 83 19 76 194 258 381 71 232 21 150 91 386 149 405 144 210 266
206 164 101 389 23 172 192 201 250 76 96 79 391 317 194 230 355 377 11 407 361 385 264 2 296 15 402 138 38 112 5 84 248 10 364 133 163 160 213 126 71 154 318 24 346 307 301 274 132 104 320 110 344 126 303 47 93 261 97 322 357 238 318 306 230 250 159 118 201 252 71 312 39 309 341 349 326 325 306 116 256 23 127 357 298 61 294 46 147 34 409 116 371 42 197 43 18 331 203 392 248 363 193 210 289 46 139 396 378 369 249 17 230 132 316 401 264 367 406 228 116 44 326 218 356 126 255 85 179 73 224 349 39 206 357 99 200 118 18 378 61 334 344 160 98 138 224 162 141 271 168 99 129 177 135 66 384 282 132 111 10 151 219 339 148 156 244 50 337 159 308 88 33 148 119 254 369 3 129 131 118 309 309 270 319 298 398 156 244 60 391 8 215 313 72 41 132 250 411 193 152 85 375 389 194 386 99 113
210 159 285 338 69 338 46 204 94 131 100 31 186 2 307 247 166 314 116 240 290 6 136 198 30 413 379 386 55 77 185 185 42 296 214 82 46 169 141 374 66 366 18 148 372 367 147 137 40 26 169 142 55 295 131 136 371 157 374 343 362 54 214 332 133 251 189 219 49 120 193 375 413 104 397 104 380 347 209 146 110 113 366 240 9 346 274 249 185 383 73 114 247 1 132 383 183 336 31 298 328 304 188 264 384 26 150 398 234 171 192 181 177 191 159 329 70 376 173 382 151 296 14 418 1 45 385 105 380 184 58 189 63 88 288 31 17 120 285 157 149 35 261 108 209 81 231 375 55 19 329 310 400 126 225 342 415 302 31 37 417 179 101 181 138 340 331 261 27 211 117 207 104 308 347 257 12 35 19 124 394 386 359 410 296 29 401 274 94 153 127 1 413 284 135 42 46 177 237 261 224 54 120 251 64 393 43 409 149 245 219 387
214 57 191 270 296 397 343 86 259 396 97 372 275 328 145 350 295 41 331 121 118 329 296 281 304 136 282 385 372 18 65 312 163 232 233 426 61 206 37 180 68 405 128 121 113 8 351 348 266 364 22 424 25 206 373 223 213 413 229 237 71 71 140 371 213 268 107 354 48 165 111 220 292 107 147 163 426 209 13 15 232 246 316 372 44 64 204 314 159 145 426 261 232 282 290 63 385 395 31 179 232 342 105 346 194 33 366 346 106 256 341 24 74 340 160 378 274 141 211 421 191 392 200 153 401 53 188 407 75 3 193 9 44 178 15 289 423 401 174 99 64 64 207 276 8 138 280 295 257 290 283 16 23 256 113 416 398 277 140 393 200 417 155 402 115 220 29 316 0 278 392 146 312 89 62 396 415 380 230 131 387 14 331 421 109 269 3 361 409 248 391 417 131 182 102 290 177 97 56 333 233 102 28 92 325 411 298 231 398 369 175 349 194 302 151 131
214 113 30 69 112 97 21 184 343 101 123 33 166 335 23 38 208 155 124 195 96 406 14 330 199 9 36 307 101 155 315 199 264 318 390 2 402 326 167 204 290 40 137 126 2 273 218 15 299 63 196 189 239 392 195 397 375 45 30 304 90 209 344 293 318 271 67 420 311 42 295 310 313 110 354 30 344 400 41 388 378 371 69 335 403 320 253 127 49 117 173 318 212 87 58 142 331 93 410 150 123 333 303 288 132 160 180 48 202 197 146 420 313 259 201 159 143 307 277 102 42 123 19 414 425 170 4 31 103 132 341 114 201 340 383 405 266 321 243 330 236 426 7 386 180 102 49 73 285 214 344 192 399 416 389 399 54 59 138 88 164 61 289 220 55 163 2 145 217 225 139 24 76 190 386 367 76 310 203 82 21 300 65 231 209 377 70 272 320 422 94 396 24 169 169 29 381 327 40 198 380 34 293 45 54 341 317 40 291 166 162 25 208 189 37 298
222 98 248 209 331 227 226 434 230 306 29 221 419 131 351 29 21 213 13 330 186 113 364 217 401 142 419 163 166 116 189 179 64 371 136 13 317 334 218 24 202 288 102 179 335 325 331 19 14 243 415 326 136 406 384 23 392 338 397 260 184 214 106 298 84 173 305 322 129 31 122 30 141 128 207 125 396 122 318 54 331 22 426 17 81 270 213 438 150 411 138 234 337 210 282 121 123 131 35 165 344 363 322 147 230 61 207 311 64 263 240 183 249 271 198 16 217 263 240 55 163 175 380 392 282 23 90 428 356 6 398 397 197 348 285 347 51 56 75 437 22 253 388 367 149 264 400 187 121 119 299 386 46 371 300 27 43 200 201 385 274 306 384 60 115 83 107 441 293 436 289 189 59 9 329 25 274 201 375 9 33 94 265 248 72 17 362 160 220 244 389 335 126 246 195 396 389 97 417 442 62 50 101 129 72 129 318 17 109 330 341 370 299 79 371 352 205 198 186 404 216 303 219 289
226 66 79 320 58 173 208 430 249 354 17 48 369 337 318 288 269 278 232 395 339 392 278 108 236 201 301 68 86 71 3 101 335 385 141 340 208 340 286 42 91 425 310 45 327 211 200 331 407 213 132 10 247 104 319 451 327 6 357 357 428 365 335 164 258 140 405 306 137 141 235 360 100 97 234 164 262 269 367 405 57 3 229 306 315 179 134 322 342 97 13 12 75 170 13 404 34 398 125 39 174 135 111 417 425 114 439 74 221 17 289 67 130 254 4 205 30 150 359 37 384 17 114 57 18 244 17 229 142 190 62 320 129 244 224 102 382 402 390 144 167 312 87 406 410 181 398 274 361 24 124 392 72 288 237 0 163 324 155 244 109 262 174 290 187 156 364 283 158 247 12 107 28 278 293 285 180 325 278 113 144 308 3 127 67 200 262 193 161 96 309 245 331 362 448 440 343 429 399 2 358 59 114 69 283 353 371 315 378 64 284 51 364 117 167 88 90 363 5 112 12 235 135 175 20 34 302 17
226 45 374 88 448 36 434 69 131 410 73 418 185 107 37 198 311 213 117 95 282 241 413 77 264 220 239 181 320 438 127 317 235 322 189 281 437 239 36 62 219 70 439 228 247 224 385 9 67 215 349 214 66 287 369 77 426 129 21 106 249 370 300 257 294 120 415 88 119 25 404 236 339 158 288 157 92 211 25 32 360 129 440 354 98 284 112 90 175 192 223 226 11 58 86 79 205 173 428 208 17 376 148 354 298 340 315 50 430 310 42 417 98 106 115 432 338 59 193 69 273 112 73 282 259 216 269 78 270 0 183 140 154 217 26 95 248 325 15 214 155 279 252 313 69 98 192 90 223 271 247 332 82 192 29 352 448 345 345 403 333 204 291 418 253 397 78 236 240 303 205 213 255 17 182 396 75 195 24 363 149 79 305 236 85 98 191 23 218 59 117 390 71 359 9 372 394 405 385 400 15 324 211 344 88 340 242 403 130 297 201 170 118 268 360 239 112 82 226 79 144 378 55 256 6 399 102 123
246 39 45 182 462 323 244 67 148 148 30 333 396 60 299 72 474 17 219 263 276 411 176 463 415 128 271 213 191 27 376 109 413 342 48 447 391 191 271 470 364 390 265 316 317 349 166 104 301 108 15 135 45 285 284 408 98 405 123 471 150 329 283 453 314 36 152 119 347 14 116 242 216 196 427 232 46 460 188 225 68 206 438 353 127 250 71 282 477 4 249 228 340 359 35 411 166 146 42 187 270 432 265 190 42 175 107 378 330 90 36 276 240 389 116 327 396 52 261 489 95 227 39 461 425 204 111 301 321 463 210 180 409 126 23 382 28 477 175 322 154 325 211 194 405 391 28 355 79 349 97 193 30 319 168 13 264 187 198 372 97 67 467 157 136 339 235 43 449 490 45 317 400 266 265 352 112 329 0 364 118 99 113 145 331 171 429 285 121 261 172 198 300 194 324 423 42 103 322 392 415 234 94 412 364 128 252 482 15 165 429 121 368 223 141 355 317 366 349 245 328 285 141 24 38 340 308 285 136 456 335 229 379 267 407 67 397 312 418 397 53 10 229 195 190 130 154 182
250 239 358 137 436 17 272 372 397 55 352 387 125 436 359 412 379 390 356 91 43 177 43 217 407 232 91 42 181 493 466 456 204 468 195 329 462 215 115 238 187 439 85 358 470 423 45 326 259 237 136 491 97 309 352 440 227 304 0 247 406 412 395 89 121 29 480 195 48 378 60 281 418 464 235 400 43 393 467 170 32 176 443 199 193 55 369 357 268 138 225 288 373 328 14 35 82 441 260 395 198 133 222 54 498 221 94 368 275 223 261 468 319 67 435 195 90 19 286 281 272 130 480 290 467 389 302 175 494 80 295 43 335 484 229 135 310 61 18 285 29 129 141 8 457 202 261 113 142 244 71 52 304 322 146 209 166 49 82 427 200 13 139 487 468 416 113 257 93 125 256 345 161 112 258 209 132 169 101 211 152 246 242 161 496 405 403 408 194 32 217 91 232 343 96 489 361 275 134 292 323 399 290 267 334 388 329 51 81 250 24 204 23 22 367 52 49 363 490 309 160 301 71 467 480 375 467 262 156 140 373 172 359 197 175 2 220 68 290 228 388 420 14 262 52 363 233 191 444 177 425 67
254 116 132 298 366 96 205 324 459 58 416 485 244 268 2 206 318 338 335 63 126 210 100 19 206 348 276 83 414 297 388 165 412 498 471 277 370 63 99 177 501 357 436 288 373 182 253 288 215 498 447 216 163 372 288 476 502 348 338 290 83 179 320 21 30 247 492 149 480 292 328 157 432 23 101 353 216 369 299 434 107 419 9 407 215 421 342 259 291 476 320 350 171 113 32 485 353 434 107 504 434 86 133 492 297 138 313 307 165 458 326 63 72 413 171 123 442 326 79 242 403 401 243 267 33 4 108 106 220 51 193 49 103 141 448 346 503 100 5 376 237 151 11 497 413 21 16 463 390 95 407 385 34 457 21 335 346 346 320 418 54 196 298 88 47 384 505 66 104 203 218 496 129 284 357 241 418 302 226 24 375 283 227 14 148 110 228 499 228 35 364 170 501 35 445 455 341 501 119 167 16 460 325 156 314 348 311 51 241 40 165 74 22 388 418 445 258 406 67 222 71 330 235 131 209 143 410 329 127 454 63 458 32 288 231 78 412 24 475 127 458 375 419 160 377 187 422 176 493 215 156 8 449 149 241 264
254 51 454 173 197 212 452 286 478 355 275 342 135 397 153 192 21 271 322 363 230 91 29 109 318 228 49 43 409 16 481 370 334 328 260 175 143 393 208 220 144 89 122 135 77 368 290 105 6 222 203 268 163 114 49 453 277 204 130 501 352 229 281 397 248 324 411 293 29 105 211 42 230 228 158 177 418 84 125 441 239 266 210 135 44 385 318 28 326 159 362 385 12 399 431 303 438 404 320 18 410 236 41 425 220 490 445 286 186 463 207 429 205 248 63 388 372 373 247 397 90 502 415 307 383 345 53 136 411 350 163 127 133 366 340 93 302 203 195 38 426 193 254 172 293 39 367 124 472 506 504 202 25 458 310 328 448 207 190 266 506 267 45 315 459 152 346 494 298 418 391 275 224 4 382 38 351 220 389 462 167 328 38 1 503 480 1 144 477 225 247 221 8 222 454 28 142 138 396 366 167 463 199 97 501 267 130 404 197 448 14 200 321 209 32 246 70 254 88 193 351 443 412 391 435 151 34 273 277 256 380 441 279 202 330 300 406 439 182 103 388 106 461 356 207 170 190 187 449 198 101 53 453 98 309 295
258 197 216 164 338 328 467 139 498 65 25 199 251 75 103 488 63 445 305 281 63 304 500 114 445 84 231 229 213 16 235 151 121 103 5 411 106 64 497 59 306 341 428 9 132 396 275 389 447 504 445 361 123 505 478 338 12 484 222 328 307 498 303 479 253 232 388 87 179 69 353 293 304 107 183 67 421 162 314 181 401 243 90 64 310 15 357 340 332 196 452 40 242 305 435 117 85 345 510 337 44 214 298 167 424 53 20 282 347 58 445 192 193 13 49 271 406 405 231 507 57 161 24 194 255 137 363 389 281 429 136 44 58 382 472 296 415 258 15 54 506 175 150 319 476 360 119 491 502 245 406 39 194 290 43 255 454 414 510 200 254 419 514 240 499 488 235 101 365 470 505 297 468 402 437 378 183 221 33 195 424 42 318 116 315 447 196 80 291 64 177 395 182 106 81 165 315 471 55 314 84 427 388 286 447 470 504 138 180 50 301 464 404 19 170 44 355 117 342 37 50 36 152 501 445 315 261 111 398 75 303 13 416 205 355 86 341 425 66 433 510 348 51 26 166 464 439 132 54 312 13 206 508 62 457 26 457 213 448 122
258 185 344 83 121 77 449 261 166 35 237 432 27 348 318 403 365 326 370 387 204 41 67 483 180 161 102 74 306 315 283 231 455 156 126 210 447 188 312 452 95 264 217 190 483 229 427 391 332 188 94 258 390 100 362 324 480 163 454 273 33 182 221 38 122 7 5 150 384 173 74 3 464 339 315 471 262 43 118 427 209 190 328 255 279 316 230 222 473 383 512 28 386 155 309 40 246 370 152 225 332 36 16 382 427 17 165 498 194 30 298 413 156 73 381 390 156 435 211 505 71 173 258 380 13 375 237 362 256 9 118 163 453 33 388 239 391 199 21 275 340 456 143 73 309 50 422 44 494 418 426 37 414 373 384 212 466 127 6 62 366 237 69 173 152 95 110 365 275 318 387 50 184 150 403 457 225 68 415 166 380 42 147 302 462 497 168 462 503 404 186 60 125 56 437 329 258 73 224 472 291 42 76 477 276 267 27 57 329 385 346 495 476 439 249 449 35 26 188 510 140 53 219 27 258 149 326 27 163 151 95 428 394 199 409 277 190 486 11 112 446 204 312 419 87 97 261 395 419 192 346 442 509 373 180 440 195 484 276 471
262 240 455 228 111 0 291 198 177 107 296 22 89 485 35 307 49 219 97 16 120 141 489 85 260 27 26 377 21 54 70 460 427 228 430 468 152 43 225 18 200 329 329 235 131 62 375 339 242 240 407 303 161 360 82 24 241 370 337 379 298 402 155 230 26 382 117 142 26 260 176 281 291 110 288 35 343 510 490 358 229 430 369 405 199 339 352 148 233 323 416 416 398 129 329 115 514 297 457 523 92 268 427 366 201 249 173 370 345 420 172 338 172 385 119 361 413 258 240 473 244 258 228 2 13 282 170 491 108 504 515 224 434 270 400 29 483 520 26 484 201 478 456 153 339 47 327 184 462 438 352 445 289 209 389 162 279 74 297 404 520 145 172 98 88 152 159 178 418 306 207 54 55 218 28 139 428 18 145 241 438 441 156 149 226 443 377 514 459 120 498 391 487 407 228 206 57 319 498 247 458 402 456 281 119 119 376 21 97 453 9 223 119 147 64 227 440 93 278 483 476 93 124 355 273 351 237 50 226 518 195 466 210 43 44 473 243 295 424 168 1 11 36 375 67 334 145 316 418 516 503 349 85 231 474 275 428 51 69 288 16 511 211 341
282 194 509 486 90 14 550 505 470 274 531 117 70 562 100 99 371 206 172 494 504 265 22 92 151 39 105 422 200 316 354 119 520 371 362 118 170 189 450 360 113 518 287 34 474 223 337 135 509 98 141 33 162 122 148 529 162 397 268 273 230 431 445 479 41 148 83 171 156 326 471 357 453 194 561 272 83 469 526 262 337 220 12 154 34 169 239 306 142 480 235 258 492 152 415 295 85 224 291 379 230 146 353 104 381 84 115 143 475 48 312 246 123 321 434 56 263 4 363 83 270 64 365 163 9 73 196 509 116 84 555 203 138 65 2 49 396 281 292 103 355 253 266 480 554 443 168 17 44 399 313 238 283 116 20 366 37 380 55 28 135 128 451 265 224 33 330 446 231 517 444 194 456 544 520 554 423 41 554 370 363 342 1 192 67 319 122 142 440 432 239 75 38 288 59 342 496 21 432 266 64 327 550 498 303 493 504 313 190 300 96 205 47 93 416 358 435 385 475 239 198 34 472 460 87 373 304 91 241 223 353 122 478 316 304 513 295 144 345 123 422 187 554 488 185 353 240 104 530 472 398 110 413 303 518 476 449 458 463 106 106 416 336 540 370 175 545 407 518 416 131 443 282 52 21 387 552 147 93 271 146 186 58 504
286 218 74 103 28 148 486 492 545 113 132 132 43 446 169 437 471 277 454 106 495 488 123 241 478 53 398 513 557 565 290 383 199 130 471 386 473 437 567 155 287 509 368 136 529 200 357 77 271 221 125 543 424 55 391 546 43 487 450 60 74 192 192 565 293 243 441 71 467 81 531 308 51 67 540 297 396 118 219 470 364 402 369 538 23 419 56 304 7 468 72 359 555 186 373 190 506 203 489 332 53 411 384 5 357 495 513 188 72 442 499 12 39 549 132 278 410 28 153 52 130 452 562 241 140 148 134 451 391 346 58 564 292 290 152 188 364 90 526 153 227 417 67 531 327 16 122 418 390 246 232 47 390 465 25 23 485 454 52 48 331 33 34 253 352 271 207 115 281 531 317 522 193 67 560 0 2 293 332 306 339 534 155 455 489 286 46 525 191 526 96 565 390 170 161 197 498 308 118 132 370 6 184 313 550 198 360 96 389 399 370 298 356 0 283 275 462 506 82 4 540 406 244 230 166 99 144 219 533 143 468 69 356 310 265 460 312 477 237 333 122 78 427 219 369 492 442 481 476 407 41 339 351 372 105 134 536 9 453 195 68 76 353 281 466 445 8 493 107 413 452 101 515 141 219 132 136 90 311 201 424 230 365 285 407 387 1 79
290 157 568 80 429 316 179 125 16 328 197 337 48 442 83 220 97 278 223 577 13 235 249 565 132 370 20 440 550 526 450 304 561 22 467 224 415 356 173 360 168 275 282 50 219 100 431 277 10 511 448 463 528 428 86 446 281 372 41 342 537 259 527 219 422 572 513 551 257 569 469 223 187 237 498 350 234 427 183 36 509 233 393 156 215 387 162 88 473 244 170 207 197 477 389 551 178 560 436 390 123 386 237 520 509 134 360 341 411 34 571 225 344 456 197 297 228 498 298 468 278 246 21 179 8 270 359 167 211 258 538 240 255 537 440 303 295 83 346 191 578 309 251 31 332 263 348 248 429 226 449 475 38 166 273 518 223 366 309 360 558 35 88 124 471 338 384 106 549 113 75 50 26 364 155 277 63 153 98 340 297 424 573 296 468 142 201 37 343 75 455 219 28 262 579 289 31 484 41 533 82 168 308 381 127 141 566 176 202 380 383 501 543 457 64 375 43 324 147 207 73 461 410 515 155 304 78 18 339 314 151 332 527 228 498 452 500 220 516 68 462 270 404 254 38 212 569 305 474 84 409 270 430 260 331 60 66 356 87 264 382 124 155 143 138 393 25 133 109 196 169 18 487 161 463 147 517 297 325 562 77 290 66 122 108 265 315 577 128 573 378 249
290 67 545 106 470 400 542 471 273 370 447 568 11 209 268 403 230 17 432 311 457 434 524 343 296 69 176 20 166 555 108 286 253 523 229 386 406 235 46 278 255 2 191 557 129 579 206 444 329 487 473 47 412 229 165 108 41 34 163 87 376 391 255 569 30 102 140 412 241 109 183 40 321 354 434 75 36 187 129 4 146 311 531 47 268 128 176 343 493 237 264 436 200 166 271 560 474 242 59 391 361 364 113 485 388 365 300 366 240 240 29 244 347 458 96 575 373 267 276 92 428 446 477 308 71 429 539 489 165 215 462 69 384 131 302 342 566 426 238 500 575 300 23 168 261 296 320 194 74 239 60 0 511 545 202 452 562 399 159 543 373 436 197 244 539 360 297 316 267 138 15 364 360 303 282 418 305 39 495 489 330 170 164 104 338 16 571 377 213 432 513 319 19 471 456 22 168 12 157 236 466 366 69 401 404 380 192 250 203 59 7 394 13 101 576 262 528 1 2 324 490 98 46 260 497 206 68 507 153 362 509 562 569 574 575 227 492 514 274 481 31 231 338 128 298 1 261 448 222 324 497 368 370 292 165 7 148 378 324 50 423 127 92 9 576 493 387 64 361 33 44 86 261 84 245 138 415 577 450 387 385 112 547 228 320 147 569 448 500 503 135 255
298 130 560 590 182 280 313 268 115 301 335 558 363 211 511 546 173 559 458 274 577 395 575 65 128 114 48 202 203 387 352 475 337 41 4 81 453 161 280 421 54 581 396 402 407 558 238 536 489 194 365 280 301 278 345 571 219 160 142 499 503 198 307 172 363 9 365 19 66 206 76 348 431 311 405 396 199 42 364 464 316 444 45 583 383 340 365 102 241 165 139 514 182 12 566 447 274 285 435 48 52 574 521 309 531 347 93 562 87 227 11 15 220 4 560 135 302 542 364 193 3 282 571 140 497 449 338 89 478 546 492 407 57 93 26 274 485 122 390 390 411 107 392 9 471 60 430 533 90 113 365 70 585 86 426 132 237 190 404 168 334 115 552 450 382 34 103 89 267 394 482 44 442 46 374 496 414 462 498 91 484 547 522 309 531 0 418 479 30 225 280 473 162 277 321 249 106 119 557 302 150 510 549 343 20 544 525 421 328 558 198 179 137 576 103 77 405 51 541 66 143 156 71 591 44 147 154 49 441 460 361 93 153 299 294 360 587 150 410 260 321 159 62 113 70 465 376 482 138 585 151 67 150 70 294 348 563 407 102 494 142 404 50 154 426 259 474 175 467 137 230 247 271 484 263 172 571 424 195 379 524 345 141 267 197 466 397 560 482 1 443 573 233 559 415 285 80 139 99 328
298 214 285 446 43 592 513 291 384 197 219 154 452 33 581 235 256 160 124 414 397 397 452 208 471 167 147 192 482 474 423 446 489 45 466 297 467 50 576 159 241 174 272 167 469 75 320 482 591 154 270 241 446 557 589 541 31 233 294 582 362 315 184 256 208 118 348 362 248 81 121 192 443 134 55 337 101 227 496 325 418 348 319 585 586 317 412 531 14 408 191 309 318 118 210 520 115 236 213 107 354 309 317 86 461 405 569 189 478 86 217 235 274 292 417 120 239 119 111 452 272 476 280 55 248 111 247 521 408 521 595 142 276 538 337 471 533 241 409 96 461 491 424 515 317 19 375 261 506 301 312 19 112 542 135 122 457 552 13 399 309 568 75 379 170 168 477 465 456 287 281 321 172 186 179 191 446 397 496 295 465 59 401 592 41 11 516 328 63 191 239 159 472 504 521 382 18 79 435 201 564 43 403 572 525 502 36 254 491 15 170 469 246 84 43 526 220 300 573 333 97 179 431 78 363 243 348 326 69 571 411 16 592 273 589 138 207 548 99 480 116 85 496 47 281 148 498 105 360 512 476 365 522 169 186 98 378 400 425 15 553 234 32 288 168 485 200 406 498 576 483 209 250 184 145 82 149 469 146 420 223 570 152 580 354 520 92 325 145 528 43 362 147 154 427 63 257 215 586 181
302 89 62 494 394 326 388 456 284 599 12 238 506 407 503 75 265 533 292 329 106 109 83 8 393 239 132 24 590 445 87 21 305 471 85 321 485 554 201 260 149 228 277 160 409 57 543 171 390 259 396 379 517 589 152 102 31 601 498 182 251 14 245 321 41 46 103 453 162 334 365 300 325 144 165 210 424 455 107 263 201 315 532 210 499 141 102 338 294 498 303 177 269 480 8 577 36 182 500 446 502 323 157 547 448 143 69 15 239 111 83 16 164 358 335 582 13 306 184 457 105 63 186 110 257 410 286 583 53 473 563 526 489 308 405 284 527 391 79 176 536 196 363 101 589 544 364 174 353 302 377 206 581 300 398 321 412 180 594 447 514 266 480 447 511 498 70 81 201 568 267 282 197 376 565 330 1 154 88 525 486 70 379 340 215 603 109 281 274 578 164 351 290 571 514 431 364 318 293 89 521 279 326 161 152 547 443 501 483 518 2 35 80 527 404 495 510 174 603 221 339 366 485 47 279 299 104 25 346 230 7 337 187 37 408 564 435 196 443 603 10 114 110 11 300 479 82 485 257 555 418 503 72 80 103 172 474 317 131 187 526 504 374 20 46 377 66 28 230 533 538 190 192 451 452 250 294 72 23 229 451 57 516 533 25 315 559 567 434 458 422 522 36 577 152 258 167 437 76 585 437 406 317 29
306 201 9 65 341 162 154 518 252 458 263 603 112 469 279 36 521 186 559 404 257 228 280 270 184 395 358 372 21 461 344 258 156 517 151 410 8 442 171 80 251 138 446 101 263 329 375 523 479 536 250 329 383 434 352 337 116 44 144 12 414 513 281 180 399 347 596 450 13 290 84 525 348 484 444 313 161 344 17 126 499 75 80 611 185 463 454 423 559 525 296 143 263 190 516 590 63 231 449 6 225 420 232 340 339 375 173 408 502 522 429 164 374 255 554 44 216 0 387 94 29 299 423 201 292 153 129 114 266 464 53 305 80 391 143 152 141 378 499 458 380 506 351 553 61 383 224 363 179 24 492 611 326 170 550 37 229 216 96 211 324 0 241 425 31 316 222 33 153 89 399 209 396 35 443 85 146 434 317 540 273 27 478 245 276 183 309 432 527 607 244 49 555 155 117 319 611 228 132 270 578 514 430 199 373 13 271 423 154 315 189 113 391 452 336 528 25 251 469 149 219 208 9 550 590 512 583 176 280 595 116 477 295 362 213 171 76 211 560 542 502 150 223 251 489 26 239 375 256 433 499 173 380 418 204 606 321 425 74 79 287 489 489 466 508 481 424 595 10 557 119 468 112 35 270 276 314 437 427 609 438 89 273 219 96 455 163 0 280 568 220 283 35 495 588 18 306 95 572 166 271 253 348 86 267 47 230 505
310 89 291 343 609 164 265 487 36 566 58 408 331 259 325 101 565 548 380 65 465 549 81 517 69 61 283 222 315 534 542 79 343 386 94 618 304 455 584 245 359 257 403 294 275 550 143 471 409 210 220 191 43 211 308 560 234 393 314 527 245 202 157 358 95 548 307 455 133 521 524 5 92 161 228 497 273 211 128 302 76 267 469 443 354 470 520 515 20 334 570 519 477 525 301 260 138 129 563 209 22 464 232 140 262 457 618 157 119 533 75 379 532 187 576 266 390 96 86 537 386 142 158 607 154 146 289 563 536 471 280 539 208 41 302 288 589 592 44 544 515 392 495 408 173 314 564 29 371 235 508 29 345 362 446 613 164 396 47 606 76 270 85 539 193 558 413 570 291 524 353 512 283 489 213 308 382 570 42 415 324 213 446 490 12 141 78 65 84 560 418 282 265 47 142 210 107 123 293 53 619 555 228 242 10 266 414 157 537 60 100 222 99 140 42 118 13 299 262 120 21 431 561 476 230 49 72 80 241 16 262 506 130 284 62 9 221 142 24 176 390 546 205 61 263 102 290 539 604 425 572 484 401 452 62 481 5 516 603 252 169 451 108 506 58 522 45 349 439 130 142 192 311 278 372 300 575 277 27 24 519 612 476 198 546 198 582 427 75 25 147 230 22 585 376 198 233 200 610 12 345 456 450 517 411 506 424 399 479 268 270 542
310 36 560 290 326 3 88 151 572 378 272 219 170 429 361 174 397 439 218 39 616 319 56 427 281 61 189 187 25 403 336 19 121 360 612 212 42 437 365 70 129 108 338 575 182 509 353 358 399 360 135 243 401 429 337 369 436 545 460 444 223 99 40 585 544 216 66 418 496 470 540 457 617 319 152 340 25 383 517 18 176 298 376 9 573 532 452 162 617 186 564 7 403 328 151 539 325 579 161 88 440 163 353 619 226 452 273 231 468 179 180 606 141 511 278 464 246 416 582 11 439 189 358 609 294 9 281 541 101 293 413 3 322 456 101 71 3 103 175 350 114 311 398 206 582 594 230 482 304 295 566 351 268 186 591 414 456 372 312 384 268 11 468 129 188 57 590 499 252 29 345 538 241 547 204 441 439 611 540 320 268 70 569 401 360 122 135 274 367 596 224 266 17 373 85 127 41 17 375 40 105 399 175 293 576 506 84 370 508 500 268 375 12 421 606 224 371 181 540 446 443 272 120 520 442 403 128 5 116 378 488 378 499 285 69 387 88 565 109 536 127 129 136 44 196 26 19 186 58 466 575 49 368 396 213 605 521 207 153 285 289 329 542 277 470 599 273 287 40 544 478 106 281 319 225 563 221 193 327 438 586 266 360 2 260 126 314 433 184 618 309 356 196 292 365 68 508 143 373 166 251 48 175 334 145 448 224 56 267 502 48 547
310 173 582 381 202 131 261 458 418 299 74 609 226 71 439 224 568 81 143 100 100 360 100 267 586 49 147 321 314 79 501 226 159 218 332 594 549 116 115 349 448 531 314 524 514 401 185 541 490 239 481 163 111 202 408 93 84 564 515 101 560 84 47 19 521 541 368 360 264 72 128 586 314 530 603 368 558 360 494 598 267 99 377 99 603 392 443 220 88 264 279 186 19 497 50 549 69 450 386 436 32 66 309 16 607 398 270 288 492 395 210 201 46 602 410 423 79 614 397 357 232 525 401 561 118 286 598 482 476 491 46 216 606 144 171 428 20 216 356 234 562 505 585 608 521 269 100 305 231 361 143 96 429 232 50 580 492 279 272 334 169 492 499 555 369 350 258 195 227 64 411 111 96 530 280 509 53 231 89 391 478 418 611 414 511 476 606 362 201 365 264 450 189 543 494 80 14 345 501 401 13 573 86 353 568 534 441 209 532 154 161 281 371 428 360 372 29 44 278 270 60 0 407 367 559 338 469 172 348 46 13 568 4 457 288 347 617 389 449 89 35 357 373 276 402 480 402 241 1 254 582 72 466 294 276 582 251 210 79 4 458 300 500 322 469 32 83 444 414 185 420 229 185 215 500 560 335 546 469 39 337 186 183 47 275 142 245 78 106 468 306 130 73 481 454 254 432 51 426 213 207 335 2 194 255 7 49 496 171 1 493 39
314 145 582 229 81 301 3 488 531 510 443 537 454 338 193 324 583 583 392 24 487 208 62 268 514 355 548 89 516 46 203 115 112 34 438 4 184 487 62 209 560 612 331 408 24 194 249 510 525 199 121 432 46 101 225 183 514 617 502 341 111 267 466 510 618 431 386 360 138 73 601 206 89 285 620 33 160 122 530 413 439 184 238 444 450 512 128 396 483 24 197 39 15 553 150 313 483 539 458 409 542 330 432 419 162 130 485 311 209 493 419 580 529 128 623 413 64 416 127 160 560 149 273 325 331 8 361 124 559 168 314 186 516 125 406 92 366 460 349 400 176 372 259 418 527 278 23 405 390 229 590 301 349 313 418 543 184 520 561 570 30 512 525 359 64 164 172 197 591 304 334 434 253 147 410 138 383 225 222 299 263 260 106 433 335 115 178 133 573 541 372 552 49 382 47 161 133 374 286 317 484 447 150 541 260 221 427 342 379 215 324 198 487 435 400 345 23 270 2 361 84 246 240 481 477 216 510 362 232 278 39 232 445 9 413 37 552 391 395 472 367 381 604 550 614 501 244 160 438 308 545 214 181 163 476 219 115 508 247 48 120 393 550 75 168 32 587 505 546 210 229 81 422 496 270 158 478 126 560 146 258 224 513 80 385 318 77 529 408 87 485 83 401 9 85 49 601 41 601 47 331 36 127 573 58 66 379 239 586 219 586 147 353 499 246 67
318 146 435 105 630 114 167 335 177 114 292 166 435 156 229 170 20 213 376 568 486 362 586 30 37 125 596 539 187 624 280 547 226 141 279 599 165 553 282 19 133 418 327 458 150 252 423 299 378 538 80 126 598 8 60 119 140 430 310 23 247 341 172 239 397 252 300 601 98 67 180 299 543 302 354 72 615 162 545 291 286 288 573 178 126 494 130 97 174 414 58 314 24 506 389 376 223 39 219 267 230 376 272 299 486 524 382 587 540 285 255 17 183 438 489 298 231 236 119 48 286 340 116 516 609 470 523 268 145 285 167 57 215 121 210 25 573 467 14 405 114 522 615 616 584 450 245 254 552 503 90 525 625 204 399 484 32 399 82 391 433 168 570 320 388 532 369 20 580 498 234 359 468 35 147 87 274 486 537 592 631 608 259 530 403 226 330 348 384 128 294 216 528 395 132 65 126 469 549 533 41 201 412 66 398 449 469 49 425 445 587 306 211 533 159 608 308 469 370 362 380 138 347 69 9 325 374 29 135 360 231 492 74 435 92 490 477 388 95 112 606 265 154 180 6 39 485 55 94 320 621 16 144 85 56 347 635 244 478 298 370 575 457 166 491 140 9 413 388 591 72 195 525 505 459 132 365 58 151 409 78 70 277 414 559 53 547 275 623 353 154 422 626 275 154 12 18 448 74 431 89 253 216 252 116 36 119 562 318 315 488 123 146 564 458 611 527 51 440 449
322 47 577 578 404 525 114 14 496 334 557 194 555 290 60 178 170 210 362 105 68 521 572 535 80 527 210 236 153 153 524 279 614 193 559 134 90 464 442 128 345 322 435 180 559 117 336 63 534 459 112 609 472 76 135 485 339 208 336 324 66 395 443 614 110 217 329 352 305 554 53 396 559 117 611 600 286 133 380 367 238 531 199 57 572 154 185 509 363 239 573 311 202 401 269 164 599 117 35 443 207 282 321 28 538 311 277 539 184 125 226 276 298 506 476 562 529 466 566 363 278 429 457 612 632 463 181 351 172 324 158 390 32 161 103 222 267 164 569 461 295 431 253 194 140 223 342 559 499 603 226 144 82 100 538 249 129 300 432 487 624 332 482 361 60 427 62 416 493 461 431 622 78 290 499 138 382 353 313 396 20 189 642 169 348 349 480 584 376 478 159 494 524 259 78 62 407 441 256 283 465 264 106 188 532 515 285 166 380 328 567 285 212 435 206 41 258 373 218 522 24 547 356 497 156 533 372 310 507 306 390 472 186 359 505 425 92 113 19 69 341 317 512 568 561 84 351 430 64 140 261 484 560 154 168 49 277 133 181 631 48 626 153 415 621 21 285 521 620 75 461 317 189 525 414 161 253 461 509 33 493 513 86 337 610 133 209 20 426 187 138 642 457 217 464 491 578 374 498 405 263 471 616 179 218 420 82 94 444 82 284 485 591 469 549 20 404 590 266 168 506 310 493 296
322 105 46 626 444 418 277 386 121 50 552 77 418 387 303 471 66 423 301 566 431 623 449 387 3 411 506 55 499 220 12 271 620 609 440 290 602 640 524 272 626 612 261 484 487 269 555 120 260 131 128 265 104 75 74 161 43 487 396 499 603 438 406 239 396 224 594 522 488 361 558 297 639 356 236 187 178 101 528 306 90 137 482 535 113 334 167 477 199 630 343 333 379 97 237 322 590 291 639 36 590 626 624 166 501 352 233 425 441 489 27 500 595 123 154 413 618 487 125 622 294 519 474 364 456 512 634 340 486 521 112 370 581 185 624 212 33 283 389 51 485 346 263 196 229 618 370 514 441 317 489 145 572 532 445 507 294 345 507 279 388 199 451 637 372 413 217 409 89 398 180 66 448 509 14 287 577 359 91 200 34 39 486 375 360 278 177 642 350 234 630 407 164 373 343 153 256 171 261 618 638 290 206 50 233 25 554 210 110 97 63 314 58 506 208 495 241 447 250 202 346 454 414 363 87 346 197 344 182 172 585 594 216 299 225 94 604 453 6 429 244 19 178 175 370 6 121 598 310 494 379 161 93 181 269 64 414 44 214 418 544 206 362 547 471 387 128 302 596 161 321 171 4 363 585 78 595 51 423 163 419 458 592 261 256 52 421 406 109 121 199 247 239 532 502 621 338 619 41 285 177 51 214 114 426 578 589 399 549 413 150 146 576 598 611 109 68 542 440 192 44 566 387 593
326 217 550 605 360 590 583 155 542 484 45 617 202 422 620 263 166 421 122 73 511 580 454 459 626 484 333 42 311 577 388 644 98 309 527 179 322 43 638 140 345 33 572 618 512 111 596 411 70 462 276 484 460 42 12 288 119 383 249 277 288 112 43 545 147 520 290 528 292 462 30 48 26 536 415 294 336 249 594 393 454 352 598 367 283 640 616 7 43 306 219 286 195 433 551 524 175 67 254 155 644 170 593 637 234 279 144 284 249 487 344 465 466 89 85 597 614 391 100 460 271 614 65 170 90 94 622 405 208 360 247 638 632 553 334 81 26 458 208 450 472 355 619 259 525 511 35 11 469 276 451 265 316 136 170 258 28 536 11 134 480 174 500 563 104 31 99 364 621 126 349 7 36 519 166 378 483 406 198 202 129 264 542 354 571 374 565 255 114 169 75 586 345 498 261 470 297 261 421 205 113 411 227 645 595 238 649 151 434 299 619 418 75 180 411 440 486 37 286 457 40 334 388 592 423 83 538 108 624 543 67 325 511 213 364 412 626 296 489 320 419 573 241 491 424 334 330 333 411 606 385 203 439 159 239 486 556 178 340 576 445 267 352 168 515 132 466 554 183 503 22 100 144 168 648 152 242 394 396 599 529 383 180 30 476 356 424 520 532 648 54 28 576 273 71 322 154 36 642 294 224 372 565 396 33 182 549 565 638 388 393 649 451 195 282 191 54 591 113 474 66 335 143 419 490 3 448 93
330 327 42 654 313 460 361 155 469 583 14 427 538 348 8 46 565 159 540 637 448 397 601 212 561 198 0 563 357 651 542 134 127 424 94 15 642 636 351 424 396 421 188 582 96 145 222 478 410 109 135 242 404 656 27 492 560 487 346 426 36 84 564 631 78 443 618 430 635 291 608 156 260 338 258 392 484 166 119 235 14 413 186 35 566 554 404 253 153 642 443 71 265 331 38 315 199 503 109 449 235 235 475 256 132 78 604 207 305 444 564 146 64 383 5 222 479 80 113 576 307 625 408 263 125 52 257 659 568 273 253 560 392 263 358 191 216 155 262 393 439 130 431 526 496 235 115 420 623 96 220 187 234 89 122 163 625 293 513 223 150 545 172 73 338 283 461 431 623 39 139 73 146 490 107 658 268 46 80 29 420 550 132 396 311 72 284 279 118 443 551 497 239 484 622 25 653 447 332 473 297 311 156 405 401 481 427 249 190 278 385 289 201 358 50 163 215 162 210 191 273 433 658 651 124 195 226 95 523 452 67 550 16 368 301 80 399 54 598 287 313 376 489 3 479 269 43 44 82 566 427 143 164 381 568 460 161 484 380 624 125 468 509 75 183 241 367 95 240 83 651 320 291 656 547 145 83 38 569 604 312 545 483 195 379 4 326 126 246 195 406 40 514 479 421 136 542 129 568 163 340 466 381 529 142 303 6 334 367 131 291 153 444 379 295 539 333 285 409 395 162 339 428 84 633 636 406 25 171 329 110 64
342 158 559 292 325 600 99 582 482 29 56 41 114 387 151 211 151 205 219 417 560 189 652 102 102 367 338 518 391 455 386 310 40 646 572 475 441 113 197 10 550 194 374 265 640 280 517 670 450 63 308 591 371 103 134 56 272 271 91 579 465 396 553 337 172 605 232 109 593 572 366 419 66 1 131 295 500 239 303 535 43 195 23 344 23 284 511 48 409 461 369 608 540 157 297 560 434 309 302 38 327 529 381 246 175 287 470 257 606 652 601 428 666 597 200 536 610 454 531 310 43 550 125 80 240 448 377 305 107 576 677 25 297 129 501 6 650 639 243 68 636 55 131 581 516 217 112 447 79 106 319 187 61 289 465 442 145 359 526 597 122 503 549 540 255 197 125 359 308 637 652 280 167 189 339 484 561 27 502 678 683 351 627 286 552 657 234 53 156 455 134 373 286 572 669 433 77 635 463 651 298 455 148 232 71 324 339 9 269 387 34 454 11 266 631 1 288 463 12 610 586 376 632 520 107 391 349 11 111 430 276 449 560 477 330 157 638 594 200 624 614 560 662 439 153 136 42 332 126 648 627 319 408 324 545 625 51 176 69 362 26 367 32 493 155 276 117 370 329 207 645 126 605 137 44 320 435 280 341 556 168 50 613 332 183 473 315 127 500 424 222 480 288 117 339 488 60 472 565 17 575 168 612 343 584 114 344 163 611 141 144 573 24 159 177 142 638 317 473 541 119 371 355 583 347 234 267 643 67 372 581 144 498 162 387 279 561 210 42 601 48 394 482 420
342 148 654 269 201 247 357 160 427 359 469 74 640 54 198 458 468 488 207 331 526 231 620 574 535 100 231 159 423 315 277 540 481 355 654 70 78 640 270 244 454 454 570 516 15 138 570 483 84 526 426 130 274 37 172 115 321 116 240 261 120 106 21 339 238 386 101 141 623 442 324 58 20 606 530 124 114 522 282 11 9 121 274 539 416 62 276 571 291 264 142 37 218 263 642 19 257 649 376 121 554 205 223 279 43 102 170 219 35 522 517 428 372 11 491 14 520 81 652 48 618 102 632 397 486 579 36 263 110 499 641 318 574 259 453 633 288 191 474 310 439 49 410 91 625 180 388 194 127 100 681 172 499 467 187 107 61 341 615 173 179 468 293 224 270 67 640 331 454 333 483 441 9 419 403 120 162 86 158 660 204 169 330 399 268 594 51 512 426 567 206 67 273 418 477 98 128 209 189 507 556 163 482 174 662 96 197 170 142 383 512 148 157 79 236 577 601 351 246 266 82 134 597 337 507 64 545 593 367 427 603 665 679 107 376 589 214 73 456 549 72 573 199 453 525 609 119 149 222 571 220 130 349 501 139 629 420 657 334 204 433 231 600 533 251 673 208 386 410 106 247 50 78 405 426 348 673 552 1 33 410 657 462 201 275 448 359 537 622 136 91 647 573 239 219 160 626 259 461 476 349 197 183 361 328 162 564 187 278 568 239 156 401 215 115 513 532 230 642 476 156 153 528 95 273 668 342 316 136 387 281 104 639 479 436 559 343 9 101 601 506 81 401 198
358 189 685 75 6 155 458 679 479 579 215 234 424 183 536 303 563 487 611 606 401 18 383 487 695 487 139 430 591 394 41 688 705 609 605 540 88 73 322 506 64 218 401 16 685 400 637 677 592 65 542 238 476 88 141 66 329 572 464 671 571 627 410 673 489 491 631 691 107 20 458 28 696 692 406 694 173 53 254 189 564 495 5 333 273 187 516 595 47 74 131 522 544 342 137 283 53 205 401 342 183 120 177 679 686 216 359 643 648 353 53 678 212 651 378 522 538 14 149 288 654 325 390 218 637 187 124 207 313 543 260 1 273 42 368 624 379 196 228 191 417 558 618 326 681 98 594 307 571 148 683 228 193 510 175 596 510 437 616 338 296 72 461 226 74 288 659 132 139 533 370 224 241 528 18 312 696 701 201 179 593 315 665 477 213 652 687 325 278 452 143 115 71 204 29 508 563 92 324 205 713 705 377 622 213 655 657 461 270 607 501 208 655 614 462 16 167 55 641 32 125 666 125 115 272 346 463 388 670 648 85 421 478 176 437 132 3 315 57 359 446 627 404 469 152 215 704 394 481 117 263 237 87 705 610 393 87 274 394 265 77 84 705 451 120 492 545 520 248 14 160 166 496 182 159 23 1 25 218 346 224 656 615 675 422 495 298 64 385 493 103 504 694 621 222 261 109 667 236 2 147 415 520 89 282 114 543 230 661 187 409 192 490 377 409 224 405 59 684 363 642 714 18 322 675 564 350 522 379 588 1 221 378 296 430 190 521 232 638 530 284 66 549 475 421 709 427 540 15 488 192 711 179 215 9 542 674 11 291 357
366 60 424 516 632 694 356 384 512 625 585 549 118 160 212 381 255 194 418 366 472 22 521 227 416 167 41 559 307 625 541 179 159 529 570 276 180 213 361 292 309 466 354 14 165 244 595 719 422 560 300 598 403 467 536 477 167 313 47 539 260 332 141 573 131 212 663 516 62 25 119 59 427 187 454 713 152 134 590 474 615 665 343 265 163 249 654 611 619 707 372 728 192 369 547 604 5 575 33 19 61 593 457 186 470 332 543 103 277 103 251 336 668 628 53 330 208 109 603 172 545 656 142 255 544 402 353 111 208 265 278 559 253 122 92 392 184 545 265 295 308 510 710 258 270 386 110 433 131 377 286 718 698 672 91 269 611 537 273 566 512 513 362 183 706 56 142 637 29 68 36 244 193 570 278 161 632 319 716 546 601 454 9 345 195 438 287 486 281 414 112 529 638 53 182 509 246 552 356 692 410 103 83 463 509 680 18 153 428 195 206 580 600 485 538 495 229 515 415 400 385 1 506 94 594 227 707 80 574 591 182 83 280 548 246 629 27 219 555 237 24 174 470 562 57 422 71 520 204 280 620 427 413 308 684 303 19 181 712 637 115 216 161 384 58 538 285 451 91 27 603 528 22 260 176 164 362 585 162 145 424 66 471 71 411 13 404 638 648 381 625 693 23 139 362 622 616 149 363 170 696 457 482 111 64 4 95 247 692 315 20 245 462 695 450 565 599 43 443 135 278 589 387 652 340 186 424 228 691 144 556 706 194 367 546 510 74 619 341 331 102 560 335 321 717 319 432 80 686 405 32 19 721 332 106 397 75 36 503 296 150 30 365 366 541 532 673 280
374 155 362 588 410 421 634 527 26 377 643 202 468 658 260 264 408 67 518 163 92 638 174 233 208 676 36 469 331 602 556 26 571 651 710 220 720 315 604 85 543 126 669 284 366 341 514 558 581 313 179 405 654 339 142 148 699 7 420 1 703 203 280 298 23 747 375 684 114 688 124 7 293 316 486 562 360 213 32 511 149 408 360 498 563 729 73 394 467 718 73 421 22 728 476 631 453 187 441 519 642 430 200 341 270 715 226 626 117 561 645 537 118 305 522 638 145 135 654 12 378 600 391 505 112 711 458 96 244 23 640 455 102 69 452 249 379 306 293 186 50 15 174 333 61 637 8 295 190 603 93 305 730 674 375 287 179 209 668 236 571 671 381 579 348 102 133 226 238 126 708 40 584 574 559 697 446 232 109 64 328 97 269 106 488 705 205 513 462 508 703 570 722 549 302 700 399 28 155 627 449 20 500 635 189 745 298 588 543 339 563 267 458 182 616 344 209 589 728 289 34 376 667 711 210 689 560 733 540 119 502 632 110 686 42 735 706 199 661 630 277 498 168 424 81 169 640 180 9 497 538 435 700 572 273 507 746 701 233 232 501 137 549 165 640 622 208 275 515 651 578 271 732 44 633 327 620 45 733 391 717 286 698 621 18 125 742 470 695 538 145 667 431 328 310 141 77 482 223 136 540 709 87 700 482 74 168 546 302 463 305 101 706 465 397 544 129 309 714 316 92 15 182 612 202 336 417 642 35 681 631 339 176 530 174 505 524 552 742 324 500 20 663 571 5 436 202 266 400 252 661 600 331 427 222 186 117 497 595 318 709 565 15 630 647 124 110 616 233 279 594 247 554 56 425 419
378 236 306 424 144 715 499 733 158 202 646 333 649 609 742 553 29 431 563 478 382 276 241 236 658 316 750 563 214 5 630 259 636 622 166 112 690 643 193 200 109 317 626 689 403 233 725 356 161 295 655 450 249 279 237 599 542 521 4 89 542 671 591 711 57 105 310 74 529 571 24 740 356 92 562 665 468 585 336 44 320 545 715 516 496 650 645 682 657 593 382 41 183 113 17 287 549 346 642 363 57 607 372 21 213 547 205 584 642 717 117 47 722 157 245 563 550 408 107 551 629 527 617 708 130 282 201 484 14 269 594 237 402 310 489 124 361 352 27 94 53 503 226 148 568 312 722 493 530 81 338 96 15 537 97 505 711 11 401 125 729 222 160 273 438 332 304 471 347 658 654 669 301 12 122 382 78 122 412 198 580 426 75 111 437 732 495 656 308 491 353 568 62 201 338 144 636 129 284 678 699 469 525 120 709 492 205 75 567 542 223 733 658 699 85 249 410 239 92 308 602 711 94 599 428 262 559 163 604 326 21 578 253 226 565 427 398 54 485 46 448 28 603 253 389 29 200 746 411 115 550 12 537 514 325 432 85 190 722 215 275 618 363 588 282 50 568 371 342 8 242 187 150 702 260 37 149 79 456 512 543 167 56 396 413 645 639 482 701 137 449 635 191 498 399 457 531 263 137 678 256 516 599 575 639 705 345 453 416 618 115 442 454 549 53 209 581 208 62 78 530 331 98 344 491 369 259 152 342 656 297 716 141 118 86 526 105 34 182 228 558 322 183 703 130 202 554 696 51 623 246 232 19 735 221 563 419 326 281 431 656 444 755 564 247 642 443 503 382 227 89 651 303 241 697 365 146 227 604 596
378 289 269 48 656 272 465 598 198 93 414 73 678 569 578 735 350 171 81 487 442 696 541 289 33 52 95 358 421 47 40 585 505 122 353 208 82 583 131 232 616 140 11 655 453 142 650 177 310 334 461 3 489 353 497 546 175 621 64 472 724 247 528 48 550 136 701 406 592 520 554 577 609 255 425 199 507 213 544 690 202 347 518 66 240 296 294 132 382 327 305 428 662 287 35 206 579 431 294 318 585 719 690 144 614 556 69 731 108 444 270 496 272 579 640 717 158 580 327 256 627 276 493 271 118 111 678 657 114 417 689 118 543 49 691 156 9 404 385 728 367 516 414 185 204 279 565 562 73 145 383 8 742 242 575 607 691 541 573 361 160 596 463 479 561 610 558 391 604 536 502 739 727 731 615 705 674 474 616 178 361 165 199 545 571 674 34 190 525 553 631 746 543 476 123 21 508 211 632 451 162 588 282 116 447 244 646 409 451 67 270 172 491 134 427 54 426 609 199 103 96 648 379 423 45 549 507 441 463 153 610 362 594 650 210 450 402 1 172 590 698 475 44 412 242 446 253 360 385 3 616 392 639 274 614 45 128 140 322 738 654 368 529 353 407 336 416 223 371 100 250 513 486 683 173 643 452 30 133 684 449 295 554 10 512 712 265 319 472 505 117 330 663 531 591 746 384 217 281 459 292 575 690 677 135 712 517 231 121 239 470 694 754 573 201 699 374 493 216 345 335 226 712 270 234 405 184 211 114 670 232 111 545 306 526 164 640 472 233 632 285 345 365 326 659 488 695 152 731 676 617 152 687 379 185 390 687 138 247 504 408 113 698 237 672 562 622 715 344 195 62 559 517 351 519 94 197 499 130 468
382 84 603 354 717 473 121 171 164 444 198 580 225 6 21 728 610 50 696 652 597 654 233 279 471 121 183 72 429 103 416 597 328 549 617 494 123 525 10 533 36 216 445 350 228 643 747 75 264 731 296 584 356 751 684 706 668 706 3 14 630 66 134 345 502 98 676 292 303 62 595 493 216 566 757 419 671 697 574 354 582 168 561 177 407 342 439 680 85 22 188 700 123 616 585 701 647 49 579 447 637 394 645 80 512 384 325 705 434 453 195 31 637 609 151 78 642 469 284 316 93 413 323 224 499 587 405 525 709 514 664 666 214 751 174 465 45 111 615 171 319 651 459 314 8 468 394 510 321 153 583 254 265 116 521 226 718 699 429 609 339 211 227 739 503 246 434 189 111 706 354 121 382 608 654 338 458 692 196 398 160 553 495 418 761 735 31 388 758 55 246 678 620 120 133 612 656 255 34 272 353 39 608 348 4 401 342 241 185 182 649 525 282 520 111 183 496 673 128 493 105 670 388 516 605 748 462 313 201 466 600 232 424 192 655 386 458 264 669 710 584 251 75 123 753 156 758 50 676 100 533 328 504 93 123 593 435 84 103 469 312 312 440 518 538 572 218 188 332 481 683 620 292 418 583 354 112 736 376 261 587 101 70 191 15 391 403 131 141 124 250 683 666 354 598 198 532 381 92 22 352 637 349 109 351 466 432 204 736 103 38 36 652 44 221 297 138 725 221 460 190 369 194 503 67 107 238 603 600 490 282 64 459 713 58 589 591 557 279 74 133 592 78 36 729 82 700 711 532 135 168 51 427 719 617 454 619 440 507 27 599 406 631 34 382 522 403 571 569 611 658 225 392 622 388 121 712 449 556 143 519 445 656 335
382 378 477 416 745 619 583 9 196 626 513 503 697 398 461 538 89 277 130 192 514 536 36 28 714 246 492 479 259 202 288 42 360 669 476 518 324 270 369 295 315 708 186 177 151 614 401 653 263 65 696 514 119 646 358 166 710 164 394 646 212 702 274 587 211 211 585 67 287 78 699 301 178 424 561 449 151 347 148 555 88 564 671 625 195 499 417 600 26 69 204 413 684 67 186 618 636 348 720 649 611 224 704 645 601 463 496 464 361 371 265 423 607 647 10 105 395 374 654 570 375 640 619 69 721 450 121 591 563 356 505 319 646 596 560 379 729 206 31 466 372 422 602 62 673 57 342 720 296 721 239 90 526 217 97 447 232 117 358 535 231 605 434 448 663 367 501 546 563 664 205 762 560 560 337 419 649 191 707 37 415 621 558 537 90 728 280 112 340 724 44 718 567 411 254 300 190 485 423 285 323 544 308 442 600 473 72 110 380 119 195 220 357 280 219 505 730 184 210 737 573 429 44 59 399 593 588 185 74 187 568 615 7 67 285 362 95 265 737 59 271 45 154 405 95 603 626 241 403 208 745 689 717 493 277 527 17 599 97 97 502 313 410 717 568 459 7 459 455 650 109 739 540 436 51 216 342 480 152 724 167 357 728 575 410 2 107 420 149 212 130 760 352 581 205 515 417 10 285 564 679 425 166 692 365 607 352 31 72 534 173 515 424 10 262 426 409 506 412 472 679 565 27 580 270 102 287 83 458 40 729 414 101 628 608 653 757 687 380 253 28 50 715 185 406 307 661 373 464 648 107 672 404 735 568 735 470 273 93 88 669 491 346 558 119 521 623 107 453 74 412 483 592 497 334 74 730 82 649 385 607 738 570 430
386 233 688 486 401 298 103 457 612 98 299 229 448 701 395 443 379 659 494 357 234 490 567 720 560 551 528 467 693 691 662 702 391 771 314 5 302 11 230 464 516 569 169 268 53 218 115 68 116 390 69 356 133 244 48 672 114 5 340 133 222 308 691 569 718 23 329 129 596 217 84 370 298 696 75 244 166 372 172 731 319 386 722 487 33 748 26 325 283 483 613 109 19 91 276 575 303 621 436 42 508 101 132 16 676 739 677 208 157 583 369 5 649 60 269 175 639 705 301 359 714 316 321 67 15 29 735 401 244 8 588 298 502 458 326 49 191 639 135 511 97 459 609 178 651 374 734 355 718 205 526 376 502 18 142 743 770 120 733 728 611 123 732 124 415 36 503 401 179 2 626 569 700 543 760 45 80 69 767 103 684 154 85 594 756 726 143 629 681 22 742 126 422 662 426 698 626 607 557 396 400 555 608 661 398 53 423 563 254 143 617 609 451 151 629 218 66 301 715 387 161 157 493 674 288 669 325 189 624 641 398 15 94 341 577 496 674 77 387 161 602 369 710 140 282 428 308 353 570 112 375 301 451 465 291 514 325 528 86 286 9 143 735 341 577 15 145 385 37 651 685 171 398 146 95 298 414 303 739 10 399 585 474 193 380 455 632 708 341 679 625 371 433 183 296 652 354 331 364 517 642 484 437 305 723 153 82 724 663 448 435 336 419 452 744 38 577 639 635 334 20 84 674 178 144 344 230 153 74 581 3 491 675 312 557 501 220 765 517 219 333 737 222 634 295 754 50 670 80 164 9 20 450 739 371 571 37 666 322 18 170 583 356 452 494 388 178 524 756 684 559 566 613 489 0 210 630 746 496 767 476 685 641 157 358 212 94 622
390 359 344 749 284 57 100 317 322 145 770 60 193 490 315 289 341 394 590 413 476 276 54 579 170 493 287 598 557 444 641 742 340 587 333 408 553 270 341 560 177 193 184 685 45 61 145 746 256 641 503 598 185 93 474 402 487 58 323 14 362 447 253 605 219 375 180 736 694 586 166 613 404 585 499 564 445 513 705 659 657 257 407 377 36 108 729 707 451 408 639 358 269 157 581 738 751 450 177 75 138 709 545 372 576 389 601 152 231 510 591 492 215 182 463 530 546 572 161 83 35 167 131 430 60 681 512 417 595 317 551 614 637 256 544 538 570 74 48 700 699 120 67 441 560 187 16 282 733 525 374 759 51 754 657 306 576 702 621 203 366 770 251 55 225 334 626 392 488 31 72 703 274 414 701 745 689 129 763 586 510 194 687 316 300 301 104 103 335 350 208 13 709 558 727 453 103 540 226 630 362 631 519 726 59 347 562 393 168 112 739 367 383 480 2 36 566 276 673 86 288 607 726 7 173 357 643 595 401 233 701 384 611 448 333 261 635 766 359 725 471 359 319 537 574 359 335 686 447 183 221 195 721 370 684 486 394 97 513 16 531 0 154 145 704 81 466 254 189 142 22 60 510 644 246 613 654 235 290 230 438 20 213 572 571 235 212 108 716 45 424 744 522 307 573 728 53 310 50 151 543 679 377 18 264 64 65 46 575 402 647 442 567 295 191 778 500 743 44 191 436 461 228 145 698 92 97 334 298 121 112 571 584 168 86 190 301 112 542 105 379 724 549 419 355 594 134 493 573 193 160 364 379 334 21 480 699 597 680 440 738 223 460 514 679 271 468 509 236 399 143 391 62 610 540 448 522 588 135 362 443 83 51 348 321 249 222 100 510 132 633 634
390 242 592 442 238 211 180 168 754 650 472 543 285 557 465 94 343 176 431 189 475 139 318 475 224 291 86 556 162 361 343 69 185 156 611 9 733 767 255 569 708 370 255 47 249 769 93 307 106 764 564 457 284 28 271 34 688 438 705 90 296 655 722 379 30 79 568 69 682 168 224 696 142 662 240 218 735 691 337 192 480 647 315 779 402 286 59 609 719 775 209 699 434 382 497 179 9 322 212 93 722 531 158 124 312 727 396 692 164 35 483 172 559 718 223 436 702 215 46 73 418 331 428 544 396 480 16 656 729 492 497 539 265 779 549 731 243 310 379 729 138 61 385 305 504 610 7 230 424 388 660 471 119 276 54 400 212 87 422 549 252 42 314 497 279 595 186 750 191 670 716 575 183 767 408 292 268 120 132 530 169 487 768 648 100 752 499 543 235 493 518 114 474 192 450 563 363 669 224 167 564 142 746 770 53 379 645 256 666 447 744 427 639 660 528 116 648 356 742 132 40 684 557 315 60 33 9 483 121 209 197 362 42 327 292 210 0 178 247 29 316 368 647 705 138 126 300 312 269 291 207 217 766 778 411 229 713 563 68 732 324 185 451 732 444 26 414 366 306 501 554 368 218 733 221 277 670 324 200 13 21 579 586 176 633 528 599 369 707 416 428 483 623 125 48 7 266 728 732 232 0 125 426 296 224 407 307 720 481 236 740 106 700 265 16 513 398 104 555 747 42 588 50 382 559 566 145 714 76 55 593 536 147 568 560 159 293 284 153 68 471 384 464 453 617 251 575 317 700 6 663 128 44 650 173 707 209 399 55 102 226 259 537 143 648 525 136 666 33 466 459 464 10 770 533 729 377 744 348 558 167 223 666 17 640 471 278 546 613 152 309 476
394 14 766 729 471 53 773 135 545 654 368 728 403 92 465 70 206 537 461 451 324 579 128 757 737 29 286 687 55 496 386 436 389 578 520 43 641 458 540 90 444 464 267 7 111 253 530 115 61 750 697 567 346 260 10 241 520 729 609 716 766 450 620 753 702 296 585 783 21 147 695 621 185 679 655 711 10 138 470 500 511 643 4 498 17 240 66 779 404 98 38 88 603 699 461 577 198 430 576 72 239 116 548 181 87 213 313 26 774 93 360 350 610 456 515 632 2 370 179 728 491 746 167 437 57 279 718 426 100 116 423 228 784 469 504 316 410 632 5 13 623 247 482 70 701 685 396 641 757 72 333 365 372 106 618 521 310 395 189 757 191 280 182 472 143 709 112 254 146 575 730 98 405 421 462 14 177 23 348 701 706 620 310 490 666 635 86 136 670 40 739 158 248 489 301 594 119 61 716 785 136 60 758 255 351 460 30 451 258 265 68 212 391 164 70 646 151 162 342 694 610 507 561 178 695 468 377 239 509 630 566 600 296 369 679 766 558 274 404 569 194 409 169 212 589 19 240 141 585 574 745 324 650 536 364 118 134 628 327 333 715 546 187 14 488 461 323 123 204 22 33 64 156 506 230 533 249 118 686 93 191 50 429 692 36 652 205 143 28 520 704 70 740 479 414 192 516 454 485 641 171 611 305 292 478 536 504 707 225 103 17 161 499 732 756 593 222 413 4 74 124 3 91 554 29 249 271 387 779 439 477 297 689 762 718 548 353 579 558 301 344 592 701 647 755 425 612 366 208 567 625 231 160 751 551 67 451 212 217 536 486 189 117 699 691 93 208 328 379 213 392 393 280 583 79 280 651 472 612 268 194 734 221 649 580 368 787 497 91 602 402 649 659 458 299 593
394 305 477 713 422 40 575 462 381 410 650 621 249 718 637 170 121 690 777 463 481 767 764 373 159 319 394 433 599 389 70 27 112 395 731 69 686 751 699 148 506 635 725 211 11 575 607 179 261 419 700 146 784 510 458 588 514 357 357 501 378 410 459 89 249 631 644 753 678 163 715 563 407 492 140 232 672 755 428 549 611 272 15 399 760 338 445 709 15 401 50 718 515 218 732 281 171 486 307 206 661 680 416 542 249 648 556 375 8 558 281 624 563 454 121 133 17 489 251 414 408 361 759 223 390 59 180 561 497 134 431 253 701 207 241 634 734 127 420 772 55 670 417 382 20 29 633 22 491 694 552 787 338 294 643 124 570 667 214 586 743 450 267 176 671 266 98 559 330 367 757 313 645 440 690 747 475 684 533 531 269 235 368 272 441 19 521 104 760 273 749 264 487 525 413 362 421 159 743 675 602 614 197 76 153 754 172 53 75 91 19 694 519 266 155 730 328 164 311 398 626 704 363 455 727 485 159 402 92 472 570 401 565 465 525 426 56 776 211 775 139 380 651 588 574 772 286 318 745 214 733 604 157 325 705 666 202 283 294 160 180 146 152 152 303 616 413 99 477 106 556 337 401 285 582 12 95 493 775 689 15 582 20 563 276 473 680 172 294 566 99 334 198 749 493 625 450 455 573 624 405 338 342 727 561 752 454 451 780 159 711 536 360 279 456 316 515 173 320 664 73 478 427 602 208 419 102 652 614 655 744 92 648 776 457 727 226 543 346 368 715 83 643 357 684 375 556 423 528 376 248 561 40 415 476 65 3 445 742 638 286 8 35 491 320 661 507 646 355 736 355 56 147 652 729 354 512 174 258 488 8 155 402 607 725 756 566 221 83 100 555 299 653 459 748 20
398 238 373 684 479 204 754 445 256 63 640 230 680 699 574 102 234 253 595 182 448 700 155 71 119 620 304 599 127 506 489 737 139 394 167 23 55 556 83 192 30 179 40 330 427 546 236 478 664 720 367 277 90 4 68 666 339 195 361 320 30 72 410 617 612 7 123 61 607 10 468 304 215 450 237 496 6 770 228 210 98 496 3 644 252 482 753 125 406 60 32 234 421 453 333 239 256 570 429 133 565 71 684 558 512 733 458 593 630 57 276 282 602 724 353 740 146 512 95 437 100 171 162 530 196 357 703 753 308 219 468 197 678 642 453 527 476 8 4 194 54 661 598 428 389 794 172 113 45 496 399 700 120 772 132 174 363 237 97 178 704 662 533 107 71 312 294 466 171 295 15 454 262 138 712 696 334 330 655 768 614 605 475 472 367 82 411 126 731 353 372 271 671 498 212 543 574 166 78 225 642 669 631 774 423 471 344 246 649 536 160 498 124 552 692 55 350 569 622 616 582 530 438 722 561 618 220 611 586 376 204 57 448 425 22 169 278 586 240 69 316 698 603 358 405 724 412 202 646 782 699 650 244 235 246 223 581 700 235 233 774 371 725 152 265 178 355 195 656 748 327 587 1 769 44 280 259 355 742 754 614 63 367 396 754 318 128 466 284 437 604 224 701 204 315 454 332 117 16 165 397 686 571 416 429 103 263 667 239 371 654 462 324 781 290 383 595 60 127 4 219 514 106 212 241 655 781 275 5 142 476 71 109 643 427 118 401 761 69 288 482 680 679 410 609 381 92 473 777 626 79 28 527 37 26 656 636 525 211 290 744 552 631 488 238 397 763 44 640 692 184 270 637 326 81 68 438 637 357 608 659 443 306 452 375 326 440 495 541 266 94 428 604 709 105 23 390 432 367 701
398 75 235 111 489 440 4 734 223 509 681 499 542 444 391 465 340 569 758 583 301 783 614 421 470 54 527 467 549 527 48 397 710 587 724 210 708 700 667 286 242 467 714 544 781 175 545 407 241 307 633 256 347 282 773 640 450 561 97 47 345 768 681 83 385 749 681 502 91 256 156 235 591 232 207 85 339 353 228 668 283 783 77 88 430 295 131 376 2 491 60 369 163 658 91 4 555 673 570 710 147 689 749 312 503 384 362 452 535 200 716 487 118 421 104 495 437 89 757 61 339 499 217 755 68 2 477 774 666 278 217 772 59 700 243 581 93 748 418 265 448 178 328 501 362 549 130 3 368 319 375 352 254 697 527 664 268 293 97 119 589 144 410 187 574 177 101 756 369 666 337 504 598 433 12 467 685 687 325 226 792 341 603 555 328 418 462 660 698 156 291 51 451 552 165 297 30 429 715 138 560 547 238 592 678 710 545 775 196 71 581 759 478 245 358 731 295 354 271 521 672 206 636 121 183 477 166 185 138 500 559 295 25 312 350 597 769 181 189 290 510 371 46 794 785 546 650 128 329 508 280 630 668 711 177 546 70 755 284 214 378 335 271 392 570 503 26 334 767 16 15 313 669 596 456 47 767 239 230 12 3 714 313 246 311 609 762 495 65 181 584 203 218 793 792 503 59 513 309 655 580 414 288 579 349 535 627 32 184 531 497 38 320 440 215 691 749 430 476 370 190 589 688 640 218 665 503 259 84 527 575 303 491 762 44 118 435 171 683 432 286 406 64 136 569 34 202 696 114 541 239 385 112 40 522 13 189 748 697 657 32 179 521 311 266 155 506 786 119 564 541 674 663 364 768 172 595 525 100 656 9 704 444 385 413 129 589 739 506 420 280 674 582 427 618 180 196 298 189 183
402 59 717 10 445 708 331 628 494 576 552 303 789 48 574 199 41 363 492 590 647 340 590 498 141 80 341 145 408 322 21 753 417 194 590 142 570 704 101 637 180 60 336 24 484 104 785 380 12 651 260 546 193 551 541 324 17 263 708 567 126 465 764 661 700 86 284 520 539 452 146 476 295 745 486 298 497 534 393 537 793 427 18 355 109 191 31 565 236 732 218 82 517 15 206 360 73 180 744 765 435 461 220 409 391 146 800 93 103 616 449 303 633 220 107 18 369 527 463 317 608 425 66 562 154 65 127 340 427 367 362 771 293 760 680 278 395 642 254 787 680 208 492 393 268 630 563 59 630 666 384 696 191 281 690 683 534 514 557 401 60 544 349 262 668 41 223 112 201 721 399 557 126 96 568 104 368 749 148 692 690 478 405 3 608 156 531 393 132 797 601 542 228 229 742 351 772 28 519 663 169 23 249 410 178 377 690 71 35 58 125 59 361 740 264 36 137 500 217 89 126 501 547 669 558 422 420 201 186 774 730 384 792 630 363 683 271 282 75 346 36 543 605 601 268 436 644 184 222 597 281 44 620 263 28 220 801 401 485 325 489 211 393 539 60 774 725 78 681 99 298 668 5 551 307 77 761 17 281 730 397 624 368 344 413 66 311 355 678 575 523 213 753 184 582 364 374 529 89 665 177 644 455 0 650 23 288 592 137 102 686 537 185 306 484 278 327 491 430 473 642 631 153 747 740 752 373 365 667 695 402 567 42 749 563 228 772 172 724 297 632 668 387 590 433 293 699 234 797 563 153 32 377 781 751 764 505 660 545 456 514 744 623 557 103 447 358 28 778 623 798 37 135 446 154 145 429 764 494 395 480 61 639 313 141 595 442 762 253 692 293 662 318 182 509 688 28 759 282 558 676 784 345 278
406 357 450 439 686 784 735 623 328 776 687 328 586 182 310 647 401 495 460 189 238 161 643 739 449 313 354 754 579 610 48 355 280 522 724 511 557 84 347 141 321 22 64 406 397 396 788 418 670 265 777 453 346 424 603 293 155 422 601 770 247 465 698 285 261 9 688 71 200 494 544 78 37 133 88 102 293 141 238 388 804 269 97 765 152 199 61 247 327 77 101 734 803 406 660 353 568 195 9 668 767 374 43 527 571 795 527 660 555 360 400 733 693 8 162 775 343 442 398 321 408 602 137 102 365 274 378 421 120 598 398 440 321 224 449 615 176 719 403 236 707 422 767 479 666 215 99 173 244 542 761 720 77 316 359 551 339 670 631 679 321 165 691 305 256 210 0 133 463 166 258 476 218 48 407 696 277 295 335 489 161 572 460 65 299 305 187 421 794 153 36 436 116 287 147 238 510 227 432 241 96 733 721 377 359 17 81 720 724 372 227 758 321 81 590 219 490 480 397 26 740 274 456 647 747 329 257 718 655 264 118 396 160 625 286 480 631 422 362 774 542 704 284 567 396 810 395 420 436 107 491 306 266 150 461 148 297 810 463 464 211 156 725 23 614 661 183 176 291 435 99 509 686 769 70 219 279 619 365 74 178 444 384 39 75 90 68 233 143 331 384 110 70 328 478 632 301 596 798 612 744 567 315 423 709 732 755 326 427 171 624 374 129 326 240 116 707 174 50 729 151 15 620 731 627 807 751 322 486 595 635 621 572 171 748 446 759 537 634 596 372 147 39 220 249 137 108 377 515 330 729 471 472 663 270 197 134 2 155 59 402 28 611 140 527 683 443 703 521 62 352 431 643 607 518 72 8 707 304 768 527 539 124 351 6 185 500 788 104 455 775 72 593 631 702 633 285 716 508 455 791 689 563 74 257 68 282 89
406 6 222 186 158 277 227 632 355 9 450 259 251 603 754 278 525 274 591 654 660 332 550 414 282 653 16 66 380 635 507 700 72 426 324 755 693 740 571 104 707 96 594 150 733 782 198 797 548 407 95 321 763 706 356 559 200 328 779 103 385 370 552 720 240 568 144 279 490 786 289 357 594 796 796 303 623 754 556 87 671 639 553 629 70 291 521 689 774 7 293 598 793 53 591 805 287 453 279 224 309 608 533 327 502 104 565 738 186 416 103 232 558 614 84 266 711 112 775 719 303 624 382 244 105 293 599 614 421 39 513 777 494 810 768 50 238 149 107 247 775 341 522 681 420 154 671 791 111 505 787 388 519 684 323 276 320 246 553 476 123 108 668 757 423 297 507 517 566 477 236 55 1 506 80 201 254 413 571 526 611 429 101 604 70 401 251 579 276 250 538 526 249 382 455 792 553 500 703 483 711 487 256 746 67 356 644 164 768 745 448 505 138 438 343 372 681 186 769 318 184 747 570 575 309 573 333 211 779 311 656 401 116 9 764 218 746 16 341 620 188 121 45 431 247 41 352 201 334 471 742 114 414 793 490 645 675 99 387 331 599 514 712 52 659 647 392 69 606 270 768 251 325 384 458 266 25 486 321 156 460 92 66 530 421 235 448 57 748 433 27 649 258 203 288 337 557 110 450 464 636 217 426 683 136 390 599 480 589 413 650 418 478 672 164 107 322 492 434 641 448 283 487 154 448 98 49 531 534 341 694 651 222 211 286 575 316 356 810 277 614 787 427 32 775 693 316 387 763 11 63 357 776 250 126 285 728 278 91 753 163 642 776 504 678 5 255 695 488 558 331 585 317 512 314 25 545 412 625 537 494 194 128 205 775 700 797 147 298 113 750 468 765 416 455 586 100 494 51 700 663 385 225 285 379 188 533 147
406 167 231 14 661 223 130 425 759 719 604 783 557 619 25 340 752 361 43 645 734 294 780 6 422 639 205 466 385 349 220 356 762 738 607 691 467 197 618 581 261 194 548 233 546 734 340 168 336 170 301 88 537 579 722 44 402 531 484 707 173 669 398 205 24 116 197 157 148 548 202 182 56 575 520 376 412 228 634 203 805 618 319 683 144 466 628 702 537 617 330 487 60 654 262 587 770 724 345 62 408 352 125 319 290 529 153 521 436 525 549 522 26 132 773 13 773 286 163 440 384 484 154 796 59 260 542 529 406 174 781 192 790 427 149 11 497 27 638 797 305 554 113 465 165 753 32 355 393 290 248 787 370 367 782 610 541 309 291 71 169 303 560 106 762 638 447 621 761 289 36 552 717 266 585 461 755 666 357 683 456 482 791 455 96 199 689 535 134 444 325 462 460 578 296 312 765 663 308 384 679 711 716 434 52 729 118 15 477 5 500 466 599 79 239 82 72 627 806 81 687 346 164 388 483 181 717 65 166 638 624 777 731 739 55 61 171 634 134 509 620 810 463 431 521 372 532 46 723 735 161 721 130 794 620 810 35 214 787 190 201 505 123 638 709 679 160 300 590 43 503 298 35 154 588 503 327 60 421 385 21 610 124 749 591 794 677 427 142 640 17 256 222 691 605 85 150 767 51 93 496 135 630 553 340 757 246 553 658 338 347 621 87 518 40 128 265 325 359 620 569 111 740 776 141 285 363 491 189 66 793 68 197 550 307 747 451 100 682 543 52 405 699 534 493 377 513 285 457 212 541 329 520 620 653 703 766 73 363 354 8 174 522 701 473 539 63 228 355 644 281 0 482 345 806 749 487 426 747 358 269 477 557 447 607 331 544 57 7 304 407 343 652 550 148 382 317 63 794 294 214 244 727 110 427 68 766 258
