int 10 postorder 91 508 748 273 168 579 207 56 451 166
int 11 postorder 134 468 101 16 724 921 674 717 191 439 892
int 12 inorder 710 823 667 208 860 123 241 368 812 413 4 868
int 12 inorder 449 922 376 35 995 465 287 679 345 159 309 29
int 15 postorder 971 1 997 350 85 117 809 865 900 299 607 759 14 74 3
int 15 inorder 122 535 518 233 531 350 331 793 47 88 816 132 248 39 878
int 16 preorder 618 924 383 896 532 274 452 731 786 644 577 497 768 173 901 963
int 16 postorder 937 623 414 209 164 305 564 538 779 1 279 684 66 865 907 236
int 17 postorder 419 789 715 585 714 811 889 1 432 709 392 278 743 14 682 230 407
int 18 postorder 239 831 297 413 919 107 176 286 573 680 152 691 383 372 428 509 867 841
int 19 inorder 853 392 466 310 782 788 568 566 750 438 361 945 698 476 458 905 95 903 223
int 20 postorder 497 233 199 519 96 293 916 964 513 641 694 122 357 294 540 501 768 332 721 930
int 20 postorder 498 565 933 398 638 970 376 920 314 805 38 434 621 384 803 392 306 222 715 938
int 21 postorder 556 773 446 486 234 969 919 860 184 272 991 250 743 753 790 810 617 566 778 485 382
int 21 postorder 536 826 888 884 983 317 210 867 394 39 431 125 371 340 472 44 656 479 86 548 761
int 21 inorder 514 192 825 165 631 329 397 511 220 176 143 910 732 675 205 588 193 791 277 983 18
int 24 inorder 362 215 327 506 503 91 149 769 228 623 31 154 85 764 696 881 586 935 302 54 29 701 960 718
int 25 postorder 116 889 467 732 144 928 357 744 274 585 413 598 687 145 971 123 976 600 163 710 653 496 947 660 933
int 26 inorder 462 510 702 560 643 575 342 897 710 866 199 829 735 77 742 386 426 402 962 51 781 955 932 731 946 91
int 26 postorder 299 274 200 909 169 982 57 185 401 343 587 526 413 867 503 583 868 613 110 904 943 131 51 177 281 690
int 27 preorder 72 937 392 488 444 848 612 393 899 565 370 269 548 53 259 379 681 960 711 568 186 34 196 77 155 811 662
int 29 preorder 4 212 627 531 871 350 207 684 373 837 186 346 902 177 841 526 102 149 462 365 980 879 496 509 2 111 977 689 140
int 30 preorder 982 424 275 652 206 447 110 492 385 78 334 651 468 827 519 516 381 89 699 289 871 983 305 942 959 362 156 590 957 854
int 33 inorder 26 437 797 144 708 563 218 866 237 234 791 65 309 405 881 631 826 499 613 864 963 491 905 595 643 824 767 342 939 811 671 28 53
int 35 preorder 598 775 745 602 765 894 783 712 242 726 424 874 716 572 168 248 471 498 564 896 435 87 262 589 342 469 479 557 796 987 805 802 681 44 688
int 39 inorder 820 754 61 812 516 471 772 169 875 716 719 990 132 188 351 283 969 164 443 297 421 783 134 494 93 436 694 798 96 852 396 534 323 232 535 430 224 280 864
double 41 preorder 8.82 1.13 0.74 4.56 2.21 0.68 5.74 8.99 6.05 4.11 1.72 0.96 5.67 9.25 7.44 2.4 4.34 6.24 5.12 2.95 0.75 0.45 7.41 5.05 8.95 6.43 6.66 6.25 7.54 5.35 7.77 3 3.91 0.16 6.15 2.41 7.24 2.2 8.11 8.35 1.37
double 41 preorder 2.43 7.6 1.82 2.17 7.59 4.22 6.3 3.81 5.02 2.96 2.69 7.06 9.43 7.99 2.11 1.39 3.73 1.4 5.59 1.85 3.54 0.89 7.39 8.78 6.47 8.01 5 1.17 5.71 2.01 1.29 6.61 0.36 3.8 2.55 6.97 1.03 4.36 9.2 4.98 6.87
double 42 preorder 9.61 8.55 3.78 8.95 8.99 8.57 4.88 5.22 9.9 7.9 8.9 0.32 6.67 4.03 9.84 8.41 0.92 2.88 7.94 2.06 6.14 7.59 3.35 5.47 8.54 2.2 9.21 6.6 9.95 8.89 0.35 7.23 7.18 6.38 1.96 9.68 9.3 6.52 5.08 0.5 7.35 8.91
int 43 preorder 66 607 8 767 199 902 878 47 254 562 828 486 605 258 649 624 692 895 390 129 597 728 545 801 633 646 984 980 39 837 550 893 881 602 19 135 222 818 647 763 997 270 993
double 44 inorder 3.95 2.34 0.91 1.33 4.54 3.36 5.2 8.22 1.78 5.88 7.28 8.71 4.8 8.41 8.21 8.81 3.85 1.42 1.47 1.87 6.28 1.88 5.38 6.62 6 8.39 8.94 0.34 3.39 3.62 6.57 3.4 4.95 4.96 4.72 6.03 7.56 0.56 1.08 9.53 5.33 2.5 7.35 6.44
int 45 preorder 169 732 778 821 802 580 15 698 76 215 827 130 907 477 944 432 598 797 71 280 710 561 424 973 674 761 878 140 121 338 107 624 386 344 947 249 89 220 290 221 110 885 124 836 731
double 45 postorder 7.16 8.88 3.46 6.18 0.92 1.98 9.44 3.3 9.8 2.92 0.45 5.22 1.96 5.29 0.42 2.75 3.07 0.7 6.41 6.27 9.75 4.32 8.57 8.42 4.8 3.89 9.67 0.48 2.2 9.34 8.32 5.24 4.86 3.17 6.94 1.87 5.86 9.87 7.28 3.71 4.79 5.65 4.3 5.15 4.23
int 45 preorder 453 420 125 250 604 89 606 413 767 695 600 758 52 895 716 470 546 362 301 518 236 433 370 807 851 506 780 32 39 581 840 592 327 359 644 12 223 944 238 910 554 418 369 909 798
int 46 postorder 531 314 255 832 231 526 851 32 600 383 930 948 15 5 230 982 309 820 769 224 902 788 256 750 180 496 473 247 983 784 144 268 843 341 882 803 273 610 98 206 768 209 507 586 74 772
int 47 postorder 137 773 860 896 783 583 838 223 110 776 478 263 457 380 649 197 662 627 493 520 361 8 35 581 82 735 53 863 988 849 983 242 214 660 501 629 428 32 981 377 352 903 751 626 664 357 331
int 48 postorder 733 997 69 983 364 886 875 133 27 719 600 128 921 871 762 170 21 224 611 198 407 335 633 113 625 293 508 912 49 613 708 742 910 450 942 473 872 950 693 805 471 161 249 847 749 675 657 767
int 49 postorder 636 657 552 105 771 869 309 423 926 160 956 702 998 119 683 400 353 816 266 47 315 953 911 755 851 118 200 58 925 427 940 687 533 146 566 269 962 90 521 333 927 661 30 534 964 99 873 648 52
double 51 preorder 9.52 3.43 1.62 8.72 9.75 8.83 9.89 4.16 9.76 1.37 4.98 3.51 4.56 4.71 4.14 4 4.08 8.26 3.52 4.19 2.38 3.93 8.85 0.4 6.69 2.09 6.43 0.67 7.09 7.38 7.39 6.54 3.35 1.61 2.94 9.23 1.18 6.59 5.64 1.59 8.45 9.81 1.9 9.64 3.77 3.38 4.8 1.8 9.31 6.17 3.95
double 53 inorder 7.72 4.63 4.3 0.77 3.82 1.46 6.81 8.85 8.1 7.21 8.82 1.6 0.26 4.88 1.48 8.58 6.95 1.57 5.25 1.05 9.78 4.21 5.9 6.8 7.89 7.9 5.18 7.44 6.2 6.17 7.63 2.77 5.33 2.63 3.6 9.58 8.11 3.91 8.42 9.24 2.51 0.94 2.78 4.03 8.26 5.53 8.76 4.68 3.47 3.36 0.6 6.37 2.22
int 53 preorder 369 551 389 831 504 612 107 43 959 921 941 517 862 118 519 641 620 672 913 84 644 76 662 958 283 648 970 633 961 513 787 987 331 689 63 13 693 301 640 417 177 674 122 875 968 591 280 772 82 865 734 573 700
int 53 postorder 433 221 609 837 501 288 778 648 19 215 445 985 7 385 331 921 796 776 314 691 154 234 369 199 339 833 474 136 198 623 52 162 930 940 319 529 165 595 349 41 132 672 661 324 726 44 513 457 494 721 779 592 625
double 53 postorder 4.25 6.71 5.11 8.94 5.51 4.33 6.7 7.51 4.58 9.32 9.42 8.74 0.19 7.34 7.41 8.41 3.94 1.79 5.47 2.36 0.65 3.81 7.71 6.03 1.89 4.1 4.01 9.71 5.82 9.3 5.69 2.79 1.15 5.93 7.35 6.97 5.42 7.13 8.07 4.83 5.32 7.74 6.11 4.15 8.65 5.27 5.73 1.9 2.11 5.78 1.44 9.68 2.41
int 54 preorder 106 407 798 850 694 756 198 916 154 523 552 352 640 528 419 481 239 308 334 24 426 498 400 504 685 355 853 903 516 802 162 324 269 1 471 913 448 651 549 795 433 319 436 965 32 526 643 829 129 745 303 48 639 362
double 54 inorder 8.37 4.29 9.65 9.12 1.61 4 1.66 0.73 7.59 3.39 4.08 7.74 8.15 6.5 6.27 0.6 9.02 2.35 8.4 4.34 2.14 7.58 0.98 9.14 1.2 2.49 7.45 9.2 2.28 7.69 7.23 8.44 0.23 2.83 5.59 1.57 2.44 1.84 2.72 9.58 3.87 0.95 2.21 7.7 5.34 2.69 0.15 3.26 0.32 7.6 8.46 3.29 7.06 4.02
int 56 preorder 13 920 850 241 455 678 940 880 965 982 35 32 686 986 89 41 938 743 805 288 953 19 280 184 892 960 474 945 867 995 127 973 251 388 94 530 325 140 210 418 499 258 680 58 958 289 303 5 598 836 207 645 469 747 321 961
double 57 postorder 8.2 4.99 0.67 6.41 2.38 6.36 5.39 8.33 4.33 2.73 6.23 0.5 2.76 9.46 7.55 0.48 3.31 8.38 3.45 8.83 7.32 1.18 4.83 6.76 1.48 0.09 3.75 9.66 6.51 3.63 9.2 0.21 4.71 6.61 7.92 3.48 5.71 7.13 1.09 4.67 3.13 5.66 0.32 1.47 2.61 5.3 0.77 2.41 0.94 3.1 7.84 3.81 7.99 4.02 1.87 8.42 1.5
int 58 preorder 882 122 540 584 531 621 518 658 652 1 662 710 601 41 338 958 685 367 246 926 990 856 158 649 439 817 508 172 126 411 937 20 476 484 36 24 632 792 819 751 245 181 643 267 585 606 816 694 93 722 44 438 26 784 577 627 566 912
int 58 postorder 141 882 452 423 355 963 734 547 861 258 573 653 604 942 915 55 880 702 57 169 481 655 567 487 356 200 663 515 69 214 644 896 803 630 756 60 144 618 594 361 161 394 638 696 259 329 503 761 570 881 938 753 327 712 680 436 797 747
double 59 postorder 6.07 9.67 9.88 9.02 2.77 6.93 6.56 9.49 8.28 0.63 8.83 9.07 2.28 2.39 3.53 1.73 1.15 1.44 8.44 6.5 6.77 6.89 5.83 0.22 5.84 9.68 4.96 8.34 4.93 6.49 8.33 9.06 0.65 8.23 1.49 5.34 0.53 8.69 3.76 2.86 0.06 8.66 8.94 5.97 3.97 4.97 8.72 0.66 9.97 1.48 7.7 7.92 6.66 8.16 0.52 2.52 5.39 4.73 9.22
int 59 postorder 344 167 577 199 320 981 895 777 964 3 563 883 691 177 126 670 87 221 576 373 830 707 788 521 621 299 581 219 369 732 680 968 393 527 275 935 592 696 584 455 179 648 947 949 976 824 439 333 759 78 877 752 8 462 365 808 229 240 323
double 60 preorder 6.95 6.07 0.05 7.26 1.72 3.52 2.61 8.92 9.21 9.62 8.2 8.86 9.76 4.79 3.35 8.72 8.49 9.59 7.43 2.42 4.24 8.59 6.33 2.94 0.97 7.56 1.38 6.14 6.79 2.1 1.12 6.58 4.87 1.23 8.85 8.65 6.01 2.6 9.75 8.13 7.08 0.96 9.12 8.26 8.35 3.1 2.46 9.39 4.05 2.35 2.53 6.89 7.85 8.04 1.14 2.52 4.89 7.36 8.74 6.8
int 61 preorder 925 565 16 291 947 853 685 708 891 284 6 45 275 593 390 798 53 526 557 676 563 739 241 693 571 184 998 74 992 403 748 302 119 392 350 187 511 11 24 953 107 84 549 179 447 741 85 730 623 906 341 506 371 913 909 470 794 583 285 849 544
int 61 inorder 860 851 627 329 965 324 258 53 422 299 777 623 467 848 110 256 760 596 665 385 327 679 21 115 456 983 42 82 125 654 187 343 468 849 305 3 690 629 651 26 976 184 412 864 982 587 496 335 915 609 698 183 994 102 459 275 689 433 508 92 410
int 62 preorder 396 447 31 354 825 756 324 26 716 672 783 219 959 48 171 439 340 983 538 611 235 800 168 746 915 283 259 71 477 276 641 497 676 812 300 592 133 644 107 834 669 407 842 260 819 769 288 608 144 986 851 83 748 558 701 122 685 859 603 33 873 166
double 63 postorder 7.16 6.33 4.2 2.94 8.93 0.43 0.82 5.99 4.7 8.18 9.37 1.14 1.6 8.17 2.6 9.36 2.64 3.15 2.22 0.77 4.92 6.66 2.25 1.16 7.55 8.57 4.9 3.26 8.31 9.51 5.69 6.84 2.09 4.8 0.05 1.15 1.88 4.02 5.68 1.53 7.74 6 9.12 8.89 5.4 0.94 9.7 9.75 9.87 0.69 1.58 7.86 0.32 2.81 8.4 0.56 6.74 5.77 1.91 9.54 3.53 6.76 3.23
int 64 preorder 75 183 118 16 939 384 156 68 113 992 785 867 84 512 518 132 262 436 533 284 389 854 56 889 724 12 135 194 670 21 509 628 873 201 562 212 58 740 608 976 808 494 338 335 438 493 540 960 824 370 709 221 791 225 47 669 54 3 405 828 292 857 577 823
double 66 inorder 7.01 0.74 8.21 1.29 1.64 2.7 1.42 2.05 4.43 9.8 6.49 0.79 0.64 6.98 2.25 3.2 7.46 3.57 1.34 4.78 8.51 2.27 8.79 4.44 9.92 3.31 9.23 7.27 7.11 0.44 9.47 3.26 5.28 8.17 9.72 0.8 7.37 2.06 0.03 2.97 9.91 5.46 0.06 4.21 1.6 2.21 4.85 8.12 8.01 3.96 5.78 8.66 6.97 5.43 4.13 7.8 4.8 5.69 4.35 6.92 7.33 4.01 3.09 1.59 7.22 0.17
int 66 postorder 584 942 395 589 72 664 226 484 382 635 261 948 973 813 553 824 289 15 729 14 691 191 980 932 510 161 479 970 303 511 721 525 614 167 775 436 823 353 500 100 716 355 201 803 517 790 543 806 288 362 516 67 732 451 341 762 695 839 8 381 210 330 417 494 609 475
double 67 inorder 6.65 1.64 1.25 5.81 3.1 1.41 9.95 5.28 9.47 4.57 5.89 9.32 7.78 8.69 3.29 4.56 0.69 0.94 3.83 7.86 1.08 1.58 2.8 2.12 8.73 5.78 3.58 5.57 9.59 3.62 2.71 4.89 0.11 8.04 3.06 2.53 2.24 8.64 6.13 0.48 7.24 2.9 8.35 0.39 1.01 2.66 7.38 7.01 8.3 6.68 2.09 1.28 1.7 0.43 1.6 6.38 9.09 8.6 4.71 3.57 8.66 6.36 4.63 8.71 2.77 4.85 2.21
double 67 postorder 2.44 6.79 4.62 0.86 5.95 8.12 4.26 8.37 5.78 9.64 2.18 4.7 7.37 8.44 4.08 9.05 0.91 8.62 7.57 9.15 6.66 7.78 1.94 1.13 0.23 5.68 7.28 4.07 7.43 5.23 2.47 2 0.17 8.7 4.13 7 1.73 6.91 3.79 1.03 1.99 5.51 1.97 1.66 2.01 7.25 5.45 4.84 0.41 7.1 2.5 6.42 7.83 4.96 0.93 7.61 6.18 6.7 3.18 8.27 9.2 2.43 4.67 2.77 6.08 7.54 1.47
double 67 postorder 8.48 5.87 5.64 0.04 2.89 8.36 5.69 3.6 2.72 8.5 5.28 5.93 7.11 7.98 7.09 8.55 1.06 5 4.13 6.76 2.05 1.24 3.79 4.02 2.22 5.57 8.77 1.46 3.8 2.91 0.45 6.75 4.68 1.53 5.65 9.09 0.95 6.99 6.04 8.52 7.35 2.13 3.17 8.58 1.75 2.29 6.16 0.09 4.75 0.35 6.7 9.92 0.43 1.6 7.83 9.31 5.49 7.75 6.01 4.73 6.58 8.64 7.24 2.1 1.72 5.39 3.41
int 67 inorder 925 841 228 489 453 165 545 390 308 616 181 219 872 465 178 251 490 290 279 949 411 101 59 71 498 527 623 667 572 981 824 523 238 29 170 425 328 15 933 865 993 947 380 445 61 862 122 117 368 409 988 316 733 233 358 10 363 706 23 180 723 860 552 474 675 583 664
double 67 preorder 5.21 6.74 6.96 5.01 0.08 9.46 2.11 8.05 5.23 7.01 4.29 3.63 4.66 7.79 7.31 5.79 4.74 5.92 3.46 5.93 5.27 9.29 2.86 3.25 2.19 6.39 7.44 3.18 2.22 2.83 1.17 7.47 5.71 4.44 4.32 7.85 2.63 7.77 5.37 7.64 6.22 9.88 4.22 3.68 9.31 4.5 1.45 9.47 4.12 4.95 2.2 0.42 8.1 8.97 1.41 0.99 5.42 4.31 4.08 0.07 3.11 1.23 4.98 4.61 8.56 8.79 2.18
double 68 preorder 3.26 3.93 1.75 1.06 9.25 0.1 6.12 9.32 2.59 9.66 6.07 5.63 3.3 1.45 4.97 2.16 5.42 6.58 0.02 0.39 5.12 9.78 6.16 2.34 8 0.14 8.14 7.62 4.81 7.68 7.47 3.34 4.67 1.97 2.23 2.71 7.56 6.34 3.41 8.95 3.82 2.18 5.18 2.36 5.66 5.41 1.92 3.35 7.98 3.81 8.24 5.65 1.67 5.49 3.33 9.12 7.48 0.08 4.27 6.69 9.31 3.53 3.58 5.2 5.39 7.34 3.8 1.8
int 69 preorder 448 568 449 356 42 851 720 52 781 859 473 844 34 632 960 554 54 80 511 347 526 837 390 360 139 103 106 31 105 816 371 577 361 350 986 58 319 186 458 521 638 472 778 770 342 358 516 464 47 505 623 925 354 589 754 232 705 640 495 646 643 821 263 159 596 618 591 422 440
int 70 inorder 916 229 925 425 795 953 44 829 468 246 529 941 548 629 686 619 79 704 898 588 639 182 875 719 116 986 466 894 244 578 240 626 877 533 408 562 883 389 615 905 767 538 343 123 319 567 949 265 103 777 913 928 33 946 625 605 769 678 762 451 978 514 80 751 238 382 39 731 361 543
double 73 postorder 2.95 4.64 8.06 3.97 4.05 4.27 6.01 6.57 8.65 0.76 4.46 7.1 9.17 6.02 8.42 6.52 4.86 8.92 4.63 7.73 3.73 2.02 3.03 0.94 3.78 2.52 4.44 1.68 8.36 2.81 3.99 1.49 1.17 2.61 7.39 4.36 0.04 8.5 2.96 9.82 0.17 1.18 2.69 4.73 7.5 8.82 3.77 9.92 4.75 7.23 4.17 2.09 0.93 6.56 0.35 1.07 2.45 0.31 8.6 1.32 5.25 9.07 9.25 1.93 8.61 3.85 5.26 8.63 9.7 9.05 2.97 1.65 0.56
int 74 preorder 900 766 415 831 770 952 479 890 474 130 875 176 504 562 454 904 131 15 741 428 605 936 968 65 93 250 611 363 684 51 901 731 983 497 367 919 219 289 883 541 193 4 187 457 824 576 854 269 247 281 521 676 150 122 334 318 162 326 188 233 542 407 558 549 617 674 61 772 221 898 902 588 478 58
double 74 preorder 4.82 0.41 4.72 2.91 1.56 7.76 6.91 7.6 1.91 3.54 6.16 2.57 5.3 8.81 0.67 1.54 6.8 7.07 5.78 2.88 9.98 4.9 3.53 7.84 3.43 0.76 7.06 5.67 0.61 5.66 7.64 9.71 1.04 8 6.54 5.6 4.02 8.6 1.73 7.7 1.98 9.61 0.75 1.53 4.8 0.73 8.96 5.77 7.32 6.39 0.8 3.7 8.84 2.71 1.09 9.41 9.38 7.14 7.58 2.33 6.94 9.18 3.13 8.31 3.37 0.79 5.22 2.78 6.37 6.14 2.1 8.57 0.69 3.91
double 75 postorder 0.59 0.82 5.89 2.44 4.56 0.49 2.59 9.85 2.62 3.58 0.31 7.29 6.29 6.14 0.63 7.28 9.48 0.79 9.98 7.44 4.09 7.02 0.43 1.29 5.15 0.74 3.67 4.36 8.08 8.79 6.83 6.37 7.35 7.84 5.73 9.76 3.88 0.88 5.01 4.23 3.51 4.34 0.42 2.26 5.25 6.97 9.35 0.47 2.6 4.73 5.47 5.59 1.4 9.69 6.99 9.3 4.21 0.04 7.74 7.37 2.7 5.23 6.16 7.63 1.04 5.53 6.92 9.59 3.25 4.53 7.01 6.77 3.07 0.75 2.67
int 76 postorder 422 18 323 960 22 359 619 379 896 252 736 10 607 48 573 552 461 4 882 672 587 498 330 651 598 233 869 596 626 491 394 941 289 149 715 343 74 459 235 713 250 407 758 702 257 879 821 168 201 708 489 7 891 874 196 448 804 864 340 506 742 500 886 317 578 325 769 299 641 302 3 34 279 193 215 81
int 78 inorder 77 708 772 49 399 796 175 332 733 773 575 320 204 990 32 652 576 404 313 864 983 15 536 273 932 92 465 380 765 357 249 290 997 397 354 350 880 583 318 903 169 602 855 817 289 868 928 179 54 789 872 495 776 245 252 267 939 39 963 16 109 381 681 194 595 382 857 574 206 973 478 666 940 879 316 419 83 825
double 80 postorder 7.2 1.08 3.4 9.6 7.29 3.51 8.99 3.83 9.68 8.01 2.07 8.13 7.96 8.18 4.3 4.84 6.51 4.19 3.42 8.78 7.92 1.47 0.94 6.99 2.55 8.12 2.84 7.81 3.01 1.17 4.91 6.48 5.13 0.09 8.91 0.96 4.09 5.24 9.85 2.14 5.51 3.32 4.93 1.03 5.34 3.65 7.44 7.15 3.24 2.43 9.84 2.35 7.98 9.39 2.51 0.87 0.34 2.88 2.64 0.23 0.84 5.61 6.8 7.95 6.45 7.1 1.84 3.59 7.04 5.25 4.31 8.21 3.53 9.28 6.5 2.74 9.04 8.62 6.72 2.18
double 80 preorder 7.43 5.22 4.95 4.04 7.97 6.75 4.23 6.96 1.57 5.42 3.81 1.95 7.08 4.42 8.84 9.87 9.52 0.89 5.43 5.14 9.61 6.43 0.2 5.04 7.27 7.82 8.47 6.73 0.26 5.06 0.59 8.7 5.19 0.67 1.48 3.85 6.4 1.19 4.14 2.65 3.29 3.31 7.71 0.45 3.46 4.15 4.18 6.02 4.26 1.2 3.51 1.4 3.72 6.13 6.8 6.03 3.93 7.98 3.28 3.43 8.78 8.9 5.52 7.25 4.06 5.94 4.5 0.29 2.49 1.82 7.81 9.63 8.58 5.78 8.54 9.37 4.38 7.84 5.02 8.77
double 80 postorder 3.14 9.09 2.16 4.6 8.26 7.08 4.66 9.33 4.34 6.22 6.92 2.75 5.38 0.82 8.95 6.2 4.19 2.81 0.79 0.46 8.79 1.68 1.16 5.04 0.32 7.96 8.29 5.31 8.15 7.09 8.82 7.37 7.31 2.86 6.84 6.02 3.94 7.6 7.51 8.24 3.39 4.64 8.63 0.87 2.74 1.18 1.44 8.7 1 7.38 1.5 0.16 1.23 6.24 4.26 3.82 0.8 0.23 9.12 8.05 4.02 7.22 1.01 0.13 5.13 0.14 8.01 4.14 5.37 3.63 2.48 4.97 0.89 6.32 9.85 2.83 1.73 9.14 7 7.36
int 84 inorder 232 695 878 957 753 581 416 621 419 877 281 159 997 934 777 253 930 86 870 837 783 251 820 319 430 454 380 594 442 914 654 579 814 643 497 60 541 701 965 909 18 963 250 311 813 841 570 340 689 927 267 952 961 240 928 42 708 165 766 73 681 238 545 120 371 990 866 204 996 874 65 222 849 227 163 945 860 578 117 389 195 1 133 78
double 86 inorder 7.14 0.63 0.12 5.72 9.67 2.04 1.99 6.46 8.45 9.87 8.25 9.84 7.25 2.77 4.76 2.48 9.89 8.35 9.47 4.9 2.85 4.8 5.29 5.44 9.02 7.44 6.94 5.86 5.03 3.43 1.42 4.72 9.7 7.06 8.67 6.24 3.82 7.66 8.14 3.96 2.14 8.21 5.42 4.79 6.4 6.06 4.89 8.16 9.62 1.11 2.93 3.85 8.28 6.96 5.09 1.09 0.1 8.24 8.78 5.32 6.86 2.88 6.49 9.65 3.95 1.69 0.44 0.59 9.43 1.92 7.72 8.18 7.47 2.94 9.28 9.71 1.15 9.73 2.86 0.64 0.96 8.42 9.16 4.35 1.98 3.71
double 86 postorder 6.79 4.74 3.81 6.99 4.14 1.75 1.49 0.32 3.9 0.52 2.37 3.21 5.37 1.61 9.96 9.68 4.96 0.95 6.75 2.26 0.31 1.82 3.56 7.59 4.04 2.59 2.48 2.62 5.3 4.19 5.55 4.85 9.24 5.15 3.35 1.23 7.6 2.12 6.19 1.53 7.56 3.28 6.93 9.83 7.95 8.07 5.38 9.22 2.86 3.24 1.15 0.3 4.84 0.44 5.17 3.66 8.67 5.63 3.2 7.35 2.74 1.78 9.33 0.53 7.48 1.6 9.38 1.38 4.65 8.99 1.51 4.22 8.08 4.21 2.97 9.2 3.49 8.11 1.84 3.77 6.62 4.4 5.09 4.9 6.13 7.8
int 89 inorder 459 991 653 865 964 788 31 569 302 629 35 13 282 686 330 582 248 908 30 364 141 589 71 97 401 598 56 45 618 410 252 21 542 601 370 458 546 424 93 338 311 810 876 903 131 804 946 402 696 367 496 952 81 971 644 345 489 412 892 520 70 243 847 902 194 748 778 516 118 535 358 228 861 926 990 878 414 560 64 519 602 213 101 83 55 693 820 790 702
double 89 inorder 8.97 8.59 0.13 5.53 2.88 6.83 5.48 1.12 7.89 9.03 5.61 3.91 7.62 1.06 2.21 5.31 2.68 9.18 4.05 6.86 2.69 2.24 6.31 0.04 8.21 1.02 9.07 3.79 9.86 9.01 6.73 8.03 4.16 7.38 0.7 2.3 4.56 2.44 0.43 0.03 9.3 4.02 8.52 8.26 8.06 3.12 4.4 0.49 6.76 9.42 0.97 4 5.88 3.14 3.28 2.45 3.88 4.69 2.86 5.35 0.37 6.94 3.3 7.12 0.91 0.57 1.47 6.65 5.21 3.05 7.22 0.14 1.8 7.33 7.27 2.11 5.19 9.91 9.98 4.26 0.55 8.35 2.32 9.33 4.32 5.34 9.17 7.9 7.13
double 89 inorder 2.12 4.9 7.97 3.41 8.95 8.64 3.76 3.79 5.64 1.79 4.31 9.91 5.81 5.33 6.01 4 4.36 5.44 4.98 7.64 7.37 3.8 1.87 1.51 6.47 2.65 4.6 4.04 2.24 7.05 3.56 5.23 0.93 0.81 2.68 5.79 7.19 9.66 0.22 7.67 5.47 5.43 7.32 5.49 7.53 6.91 4.51 0.58 0.03 7.54 7.77 7.21 1.95 1.72 7.28 0.69 6.26 9.14 1.01 3.05 1.09 7.6 7.56 0.79 8.85 1.3 2.01 0.05 3.7 3.91 0.71 0.51 3.63 3.69 6.46 5.83 9.6 9.49 7.92 9.48 9.69 9.13 2.84 2.13 7.39 6.82 6.73 8.61 9.24
int 89 postorder 764 530 908 718 854 409 869 445 966 680 325 383 337 450 353 663 710 212 538 297 732 173 934 278 839 603 101 881 851 734 797 112 790 406 812 252 895 32 905 126 898 866 15 7 975 643 712 155 320 714 860 702 914 903 821 899 589 497 601 552 880 506 894 566 667 526 481 330 632 508 862 280 626 835 12 504 76 246 384 560 392 286 627 833 389 269 988 439 787
int 90 inorder 85 644 335 611 575 739 648 539 193 617 70 424 840 181 374 442 142 854 265 16 8 928 406 201 67 1 284 272 721 688 199 69 922 400 73 262 734 904 427 271 780 899 292 177 926 766 151 852 710 122 959 491 200 713 863 919 97 977 15 204 605 409 267 390 160 991 269 616 582 844 998 898 638 873 761 481 145 164 66 874 797 296 453 291 338 567 514 61 479 602
double 90 postorder 9.16 3.4 8.79 3.79 7.47 7.31 7.5 5.32 9.21 2.86 3.29 3.02 7.96 7.39 9.32 0.75 4.29 5.14 2.09 9.66 4.63 1.01 2.48 1.28 7.28 2.35 3.01 4.07 6.68 5.33 3.76 5.3 7.77 5.54 0.74 4.57 1.93 1.45 8.33 2.42 5.18 9.84 3.89 6.85 6.49 3.53 3.64 2.94 2.81 7.43 3.91 4.51 8.18 3.3 3.66 7.53 2.52 5.27 6.72 7.35 3.98 5.15 9.61 1.79 8.09 8.43 5.98 9.63 9.29 2.84 8.74 8.51 4.95 1.52 7.26 0.25 8.24 0.13 6.76 9.94 2.37 2.95 9.71 4.14 0.15 6.96 4.17 5.19 0.11 2.47
double 92 inorder 2.74 7.56 9.77 4.74 7.89 4.18 5.05 0.37 3.47 1.18 7.18 7.68 0.81 1.62 6.49 4.16 1.35 1.93 2.81 4.14 8.9 0.12 9.18 9.95 1.11 5.84 4.26 4.89 6.13 3.29 7.81 1.15 4.87 8.16 3.97 0.13 7.21 1.44 1.61 8.85 0.8 7.93 5.19 3.34 4.96 0.75 1.4 5.94 6.43 9.31 1.14 2.47 4.75 3.24 7.7 0.03 8.7 7.22 8.96 0.78 6.27 8.02 0.87 9.41 6.09 3.21 3.22 7.74 1.54 8.39 3.9 0.21 9.19 6.32 4.99 0.71 6 2.29 1.02 2.2 7.59 6.1 0.56 9.79 8.64 0.45 8.95 7.01 9.33 1.09 3.7 7.61
int 93 postorder 891 128 468 317 287 930 741 481 733 37 158 68 835 473 664 333 363 57 485 832 463 193 263 646 647 178 488 87 837 319 34 654 878 365 505 731 151 286 789 550 828 290 847 116 348 612 33 91 484 356 441 507 537 240 620 793 243 947 588 332 212 199 492 690 134 591 504 423 470 653 417 745 373 43 548 247 186 260 792 929 736 935 775 857 140 318 83 990 418 477 942 269 497
int 93 postorder 593 123 516 327 955 390 80 518 399 176 733 685 642 178 380 147 396 167 784 989 520 204 774 672 92 57 702 286 519 281 251 474 295 524 152 93 582 630 717 761 182 120 54 263 667 424 720 437 668 968 839 125 550 246 439 122 385 364 104 323 572 891 537 501 541 780 660 925 799 648 644 6 102 953 886 231 808 762 739 907 457 944 153 313 903 7 238 309 945 202 357 248 157
double 93 postorder 3.42 8.78 7.53 8.43 5.33 1.17 6.45 0.66 2.86 4.32 4.02 4.41 5 8.36 4 0.54 8.06 6.34 4.77 3.03 4.65 4.39 1.87 7.44 3.09 0.31 4.59 9.94 7.16 4.6 5.48 3.08 7.69 6.75 3.75 7.31 1.12 1.52 8.85 5.59 0.29 3.29 6.09 4.14 6.44 4.87 4.58 2.55 1.27 6.18 0.05 4.79 3.62 1.06 7.32 8.05 3.07 4.38 7.95 6.48 0.96 8.9 8.72 2.1 7.09 5.86 9.47 1.11 8.99 6.25 0.3 8.12 9.22 5.7 9.26 2.04 1.86 3.41 5.11 0.91 6.02 2.67 0.68 2.24 8.48 6.67 4.43 9.29 9.09 0.78 5.41 7.85 3.98
double 94 inorder 7.74 6.13 4.87 4.53 9.69 2.27 1.73 8.09 0.88 5.56 0.37 4.9 1.7 4.62 9.63 2.28 0.53 5.64 3.79 2.24 3.06 1.78 0.22 2.56 8.64 1.64 3.7 9.84 9.25 7.05 9.19 1.08 1.79 9.78 5.14 0.12 3.11 6.45 0.42 5.59 0.31 3.34 3 1.22 0.24 3.77 3.96 7.23 6.61 8.47 3.67 5.33 1.72 3.81 9.45 9.79 3.94 9.95 5.23 1.24 9.76 4.5 1.02 3.4 1.52 9.72 1.13 7.04 8.65 7.83 7.36 4.72 3.6 2.31 6.51 6.4 1.75 2.75 8.49 8.85 7.09 6.26 5.32 5.42 0.07 9.1 4.71 8.62 4.64 0.13 6.17 5.68 4.43 9.43
int 97 inorder 705 909 731 995 687 27 933 488 131 814 788 312 510 3 546 441 940 603 164 536 466 535 623 111 590 46 455 611 165 89 13 17 997 756 698 490 575 202 434 226 641 377 840 383 68 801 721 845 151 821 761 684 942 560 30 245 348 576 218 99 274 41 791 255 860 912 609 622 501 986 679 115 481 349 239 64 187 431 937 405 175 707 739 52 77 294 487 880 190 759 191 512 73 831 632 214 793
double 99 preorder 8.85 7.82 8.37 9.64 9.63 6.41 6.81 2.55 5.9 8.44 4.45 1.28 5.16 5.26 5.21 0.81 8.78 9.01 5.38 4.98 9.04 8.7 4.72 7.05 6.79 6.94 4.04 5.86 6.9 1.09 6.37 3.33 5 8.67 1.29 8.55 5.87 9.6 9.89 6.13 7.89 7.94 2.43 8.52 6.04 1.53 6.76 2.54 2.94 2.61 8.91 9.47 7.83 1.45 1.69 7.5 7.86 0.76 3.79 6.98 6.87 7.44 4.5 4.47 8.3 8.31 5.44 0.47 9.97 4.67 6.12 6.1 5.07 8.36 7.07 2.96 4.84 2.22 0.77 9.15 2.75 7.36 8.12 5.29 3.94 0.49 0.82 5.28 0.44 2.03 3.56 0.11 8.69 9.93 4.46 2.32 2.28 4.7 1.47
int 100 postorder 452 388 878 11 488 5 209 998 17 887 730 30 762 228 86 832 437 66 758 648 576 326 798 833 448 295 927 986 351 774 363 384 559 782 166 114 187 157 412 178 910 195 468 930 663 308 160 830 411 524 617 173 150 750 21 409 424 596 578 39 25 864 907 377 355 233 614 421 653 764 675 293 211 207 481 676 182 230 280 376 274 985 359 156 644 619 319 608 949 890 671 94 860 791 528 26 844 432 831 582
double 102 inorder 4.22 5.39 0.53 9.59 8.05 4.84 6.61 9.39 5.22 7.58 7.31 0.47 5.87 1.93 0.81 9.9 2.32 3.41 7.02 3.74 7.93 0.88 0.37 9.23 5.38 3.67 4.88 6.51 7.13 4.34 6.5 5.28 5.57 1.55 5.93 0.24 8.55 4.18 0.64 4.91 9.48 1.91 1.7 6.47 1.6 7.4 7.81 6.68 9.08 1.9 8.99 8.39 1.68 0.03 4.44 4.7 8.17 7.29 3.89 6.82 8.04 9.68 5.26 6.05 7.83 3.88 5.24 2.4 0.43 7.47 1.96 7.61 1.32 6.91 9.97 3.08 9.12 9.6 1.86 4.79 3.24 2.75 2.94 5.7 6.19 3.1 0.02 4.24 6.02 7.23 7.67 2.38 1.4 7.97 3.49 5.92 6.44 6.31 7.6 5.12 1.42 7.1
int 102 preorder 492 444 785 60 302 257 525 199 610 701 242 12 927 704 546 491 606 316 764 330 454 826 925 272 554 403 580 772 434 151 618 685 890 648 939 597 559 111 641 647 670 755 839 423 802 117 101 44 40 615 353 843 364 665 792 357 668 632 829 908 152 861 817 586 485 55 227 322 258 627 544 887 342 391 646 727 860 313 110 211 347 974 904 816 169 378 138 388 536 75 535 4 929 177 341 545 626 842 528 732 468 864
int 103 postorder 929 44 851 673 783 108 878 83 746 508 930 590 941 562 16 234 268 787 925 641 705 677 516 980 914 774 540 740 388 446 224 66 122 286 486 67 348 691 739 146 556 255 475 429 688 608 965 307 877 148 345 337 99 35 453 742 33 756 596 65 478 362 112 891 784 551 501 525 228 409 92 819 948 575 358 591 767 79 491 567 29 624 958 643 180 322 887 456 896 951 421 982 695 170 831 135 91 129 318 527 186 123 637
double 104 postorder 1 9.96 3.65 0.1 1.85 7.25 9.23 9.61 0.04 3.3 3 7.16 3.71 3.28 0.64 4.23 6.98 1.56 9.39 3.01 6.29 2.49 4.36 1.38 9.34 9.77 1.15 4.63 9.14 8.13 5.83 9.71 9.89 7.53 0.28 6.53 7.17 1.78 0.89 5.96 3.31 6.83 4.62 2.26 7.35 2.77 5.95 1.94 7.85 3.85 1.13 0.7 4.89 1.88 5.27 0.51 6.95 8.84 5.19 6.94 7.96 7.26 3.22 2.73 0.88 0.79 1.34 3.45 0.26 4.91 3.77 4.14 8.21 9.43 5.5 2.35 8.97 0.62 4.76 1.03 1.66 5.99 3.78 9.29 8.98 4.73 0.4 7.34 0.23 0.2 7.77 2.62 3.36 8.43 2.02 4.8 7.99 8.99 4.53 1.53 4.47 0.86 0.82 0.11
int 104 postorder 969 977 767 665 410 63 567 351 346 708 858 377 714 240 532 100 842 990 891 733 418 95 676 3 819 39 478 574 91 631 308 234 104 86 236 307 327 98 209 461 419 232 8 405 783 771 938 388 239 172 133 832 328 748 963 803 727 314 103 489 75 473 283 38 823 92 669 950 135 350 510 944 914 438 993 753 757 528 740 666 493 679 499 357 728 919 516 152 416 543 51 989 945 383 84 915 523 623 577 519 913 169 618 636
double 105 inorder 0.13 9.79 1.08 5.51 8.88 6.88 7.71 9.81 1.96 9.62 5.91 0.24 3.68 4.14 9.65 7.67 5.55 6.24 0.07 4.72 5.54 5.93 2.83 8.87 3.13 6.64 5.87 0.63 3.54 3.82 2.99 2.43 3.37 0.91 8.28 9.88 9.76 7.05 8.55 4.1 9.38 4.36 5.98 0.37 3.34 5.8 7.23 0.48 7.33 7.56 7.86 2.51 5.05 2.63 3.43 4.52 6.25 3.62 5.84 6.45 3.9 1.09 0.4 5.6 2.47 6.41 8.29 2.87 0.94 9.21 7.84 4.12 9.86 8.08 3.05 8.24 8.99 6.59 1.05 2.88 9.35 9.75 3.75 6.56 5.96 0.86 7.87 5.03 4.47 6.76 2.1 2.33 1.73 4.91 0.11 4.2 3.87 5.32 8.18 6.8 0.45 0.88 7.01 9.49 1.47
double 106 postorder 6.95 8.42 7.29 4.31 7.33 0.35 3.29 3.23 4.44 4.49 9.92 5.67 5.44 5.05 0.81 9.33 5.47 7.65 4.91 8.3 6.17 8.11 4.45 0.23 2.56 9.4 8.55 6.32 0.72 8.97 9.37 9.73 7.52 5.19 0.63 7.27 6.51 4.33 3.37 9.36 9.84 8.67 0.29 3.2 5.32 0.82 6.13 3.14 3.3 5.12 6.86 6.05 7.43 5.91 3.95 0.03 9.79 2.28 4.75 7.32 6.36 1.87 1.36 5.16 9.28 9.07 4.17 4.86 6.23 5.61 4.05 0.39 2.62 2.03 0.94 4.7 4.29 1.85 1.1 2.45 9.67 2.55 3.46 3.88 5.57 4.89 0.17 8.44 6.68 4.42 1.45 3.04 2.36 0.25 5.26 2.19 7.68 0.21 1.32 7.93 6.01 0.69 7.96 1.34 6.69 6.4
