int 10 48 38 50 36 31 42 35 34 34 37
int 10 18 6 16 15 22 19 19 24 6 23
int 13 71 53 42 61 55 52 42 55 62 43 51 50 48
double 15 1.9 4.6 3 4.5 1.9 4.8 2.1 3.8 4.5 2.9 4.1 3.7 2.3 2.3 3.7
double 15 0.6 2.2 2.2 1.2 1.6 1.2 2.8 2.1 1.9 1.6 1.4 0.8 3 2.7 0.4
double 16 1 3.5 3.1 3.2 0.9 3.6 1.7 2.6 3.5 2.7 2.2 1 2.2 1.2 1.1 2.2
double 16 4.6 5.2 5 4.4 5.5 4.3 5.4 4 4.1 6.7 6.7 5.9 6.6 6.6 5.8 4.5
double 18 5.8 5.7 5.8 3.9 4.2 4.7 4.6 5.9 5.6 3.7 6 4.7 5.3 4 4.8 4.3 5.5 4.8
int 20 51 39 53 38 47 54 40 48 37 46 62 36 49 53 64 50 63 45 61 49
double 22 1.5 2.5 3.4 2 4.3 2.1 2.1 3.3 1.7 2.6 3.9 3.3 3.3 2.4 3.6 4.2 2.7 2 4 1.7 2.1 1.7
int 22 34 60 47 54 54 59 56 56 54 52 36 59 49 41 48 61 38 54 44 40 40 35
char 23 m g j h o r f s g f r f h t l b t b f f o n e
int 25 49 53 56 45 64 50 53 54 64 58 58 48 68 61 63 59 45 41 61 60 49 43 56 62 66
int 25 27 23 31 33 42 27 28 21 31 16 24 19 17 15 42 33 36 28 29 27 40 43 27 22 22
int 26 39 14 41 30 19 17 20 19 14 36 39 17 19 16 23 14 27 41 20 37 37 30 16 30 26 32
bool 27 1 1 1 1 1 1 1 1 1 1 1 0 1 0 0 1 0 1 0 0 1 1 1 0 1 0 0
int 28 22 26 4 13 32 22 21 10 28 9 6 32 20 31 30 21 3 13 21 15 14 10 19 31 5 8 17 22
double 29 5.6 5.9 4.4 4.6 4.9 4.2 4.3 3.3 4 3.8 3 5.9 5.5 3.7 5.9 4.3 4.3 4.3 4.2 3.4 3.3 4.3 3.5 4.1 4 3.9 4.3 4.8 3.7
bool 32 0 0 1 0 1 1 0 0 0 0 1 1 1 1 1 0 0 0 0 1 1 1 1 0 0 1 1 0 1 1 1 0
bool 32 1 0 1 1 0 1 1 0 0 0 1 0 1 0 1 1 1 0 0 1 1 1 0 0 0 0 0 0 0 0 0 1
bool 33 1 0 1 0 0 0 1 0 1 1 0 1 0 1 0 1 0 0 1 0 0 0 0 1 0 1 1 0 1 0 1 0 1
bool 34 1 1 0 0 0 1 1 1 0 1 1 0 0 1 1 0 0 0 1 1 1 1 0 1 1 1 1 1 1 0 0 1 0 0
bool 35 0 0 0 0 0 1 0 1 1 1 1 1 1 0 0 0 1 1 1 0 0 0 1 1 1 1 0 0 0 1 1 1 1 1 1
char 37 s f s c o k c q l b m h e s n k l d p i m f d o j j h b g l a s o o d b t
bool 39 1 0 1 1 0 0 0 0 0 1 0 0 0 0 1 0 0 0 0 0 0 1 1 0 1 1 1 1 1 1 1 0 0 0 0 1 0 1 0
char 39 n e q g h e e o h t i p o g l a k i a n r l j d l b b t g l i h j e k m r o a
bool 43 1 1 0 1 0 0 1 0 1 0 1 0 1 0 1 0 1 0 1 0 1 0 0 0 1 1 0 1 0 1 0 0 1 0 0 1 1 1 0 0 1 1 0
double 43 2.8 3.4 2 2.3 2.7 1.6 2.2 3.8 1.4 1.6 2 3.7 1.8 1.6 2.6 1 2.6 1.5 2.7 1.9 1.3 1.5 2 1.6 2.7 1.1 3.9 2 1.7 2.1 3.7 3.2 1.6 2.5 2 1.2 1.2 2.1 1.8 3.6 3.6 2.1 1.2
char 45 a t c j k b b a h b q t l n t n g h j s h i l j b k r h e s e r j b r d m l g o p f l d g
char 45 c q g p e p t p r r j k b k c h d n f p n s d m m f d i f b b a p e m e k a f f l r o o q
bool 45 0 0 1 1 1 0 0 0 1 1 1 1 1 0 0 0 0 0 1 1 1 1 0 0 0 0 0 0 0 1 0 0 0 0 0 1 0 1 1 0 0 1 1 1 1
bool 46 0 0 0 1 1 0 0 0 0 0 0 1 0 1 1 1 1 0 1 1 1 0 0 1 1 0 0 1 0 1 1 0 0 0 0 1 1 0 1 0 1 0 1 0 1 0
bool 48 1 1 0 1 1 0 0 1 0 1 0 1 0 1 0 0 1 1 1 1 1 0 0 0 0 1 0 1 1 1 0 1 1 1 1 0 0 1 0 1 0 1 1 0 0 0 1 1
char 49 j j j m r d e m k p d r b b m c r n i r c m s j a t m k p b b g j k b j c q k a j b s p e e k b h
int 51 16 17 27 37 31 30 10 15 15 32 15 19 38 25 11 38 15 32 13 35 19 15 32 24 24 32 25 11 15 14 13 12 23 23 39 15 30 36 31 33 20 18 25 30 34 32 24 13 37 32 18
int 53 58 47 45 68 45 49 60 54 56 58 68 52 58 69 43 52 43 48 58 44 59 60 69 56 60 52 45 57 61 43 61 67 54 42 64 49 70 68 41 68 69 45 42 49 43 54 61 55 44 69 64 69 43
char 53 t h d g l p d m a a l b e g h e s f i e e c s c h t i a r c j b e r e c m i f o d m n p m h t f i n o k s
bool 54 0 0 0 0 1 1 0 0 1 1 1 1 0 0 1 1 0 1 0 0 1 1 0 1 0 1 1 1 1 0 0 0 1 0 1 1 0 1 0 0 0 1 0 0 0 1 1 0 0 1 1 1 1 0
int 54 36 55 44 36 43 50 48 39 52 58 59 43 63 50 35 51 64 62 35 54 58 42 47 56 61 48 39 40 43 59 60 35 45 49 38 57 53 52 58 62 49 41 58 63 46 49 36 57 54 35 64 60 42 37
double 55 4.9 6.7 5.4 4.4 4.9 6.9 4.2 5.6 5.6 6.4 5.7 5 6.1 6.3 4.4 6 4.3 6.1 6.6 5.6 4.3 6.3 6.6 4.4 6.6 7 4.3 6.5 6.4 6.8 6.7 6.5 5.4 5 5.3 4.7 4.6 6 5.4 5.2 4.5 6.1 4.4 6.9 5 5.9 5.7 4.5 6 6 4.6 5.8 5.3 5.3 4.9
int 56 66 50 61 64 55 49 54 62 45 51 57 59 68 66 53 71 70 45 50 56 61 73 49 53 61 55 69 44 48 54 46 70 53 54 60 45 69 71 52 56 48 55 53 58 49 55 47 60 66 68 73 68 48 52 59 51
double 57 1.5 2.7 1.9 2.2 1.3 2.8 2.7 1.2 0.5 0.7 2.1 2.6 0.4 1.6 0.8 2.4 1.3 1.6 1.4 2 1.9 2.7 0.6 2.6 2.2 0.3 0.1 0.6 2.3 1 2.6 0.4 1.6 2.7 2.7 1.5 1.8 2.6 1 1.4 0.6 0.3 1.7 1 1.8 0.9 2 2 2.4 0.9 2.6 2.8 1.2 1.4 1.4 2.7 1.1
double 57 1.4 2.7 1.5 0.9 0.4 0.4 1.8 3.3 2.8 3.1 2.4 2.7 3.1 0.9 0.7 1.7 3 3.3 2.1 2.8 2.9 0.8 2 2.7 2.6 2.9 1.2 1.7 3.1 3.3 3 0.9 3 1.5 3.2 1.8 2.2 0.6 2.1 1.1 2.5 1 0.5 1.4 0.4 1 3 3.1 0.9 1.9 1.8 0.8 2.5 1.4 0.9 0.7 3.3
double 59 5.5 5.8 5.6 4.6 5.2 4.4 4.3 5.6 4.3 4.7 5.3 4.3 3.8 4.5 4.5 4.3 5.8 4.4 5.6 5.8 5.6 6 4.8 4.3 3.6 5.2 6.5 3.8 4.5 4.1 4.5 4.6 6 6.4 4 6.2 4.6 6.3 5 4.7 3.7 4.8 5.8 4 5.4 5.9 3.9 5.2 5.8 5.3 3.8 5.5 4.6 3.8 3.8 6.5 6.5 4.7 4.6
int 60 29 13 12 27 15 25 12 38 35 27 17 37 13 31 32 27 36 25 30 20 35 40 39 24 34 21 23 19 30 29 27 23 35 38 28 20 40 14 40 33 24 37 23 12 14 15 40 17 35 22 25 17 11 11 14 25 18 17 29 34
double 60 6 6.3 6.4 5.2 4.6 5.6 5.4 6.2 5.3 4.4 4.3 5.6 4.5 3.8 5.8 3.8 5.3 5 3.9 4.4 5.3 3.8 4.3 6.7 5.6 6.3 5.4 4 4.6 6.6 6 6 5 4.6 4.3 5.9 6.1 5.3 4.5 4.8 4.5 4.8 6.5 3.9 4.1 6.2 4.5 6.3 4.6 3.8 4.7 4.5 5.6 5.4 4.2 5.9 5.8 5.3 5.3 4.5
int 61 31 37 40 12 16 29 32 17 15 37 37 37 32 27 26 14 35 35 33 20 35 23 39 16 24 34 15 36 24 26 22 39 30 24 35 15 22 23 22 20 39 17 23 13 11 26 39 15 23 15 25 40 23 16 37 14 11 36 39 25 31
char 61 j c b p p e j j g s e a n d g m c g i g p c i t i t h h r l p c h g t q r g r m i p t i j c h m s g e f t b k i r q o i t
bool 62 1 0 0 0 1 1 0 1 0 1 0 0 1 0 1 0 0 0 1 0 1 1 1 1 0 1 1 1 0 1 0 1 0 0 0 1 1 0 1 1 1 1 1 1 1 0 1 1 1 0 0 0 1 1 0 0 0 1 0 0 1 1
char 65 i p t n m f s r d d i c l o p j a n t j j r f j h a o b b n s c d n e l f d a n q d f p s j s i e q m r s d t g h i s g o c g t j
double 66 3.7 3.9 5.1 2.9 4.5 2.7 4.6 3.4 5.1 2.4 5 3.6 4.9 4.8 4.9 3.9 4.4 2.9 2.8 2.4 3.7 3 2.7 3.4 4.8 4.4 3.2 3.5 3 3.8 4.8 5 3.3 3.8 3.6 4.6 4.1 3.7 4.4 3.8 2.5 5 2.6 3.6 2.7 4.8 4.8 4.4 3.5 3.8 3 2.7 3.9 2.4 4.9 5.1 3.2 4.2 3.8 4.9 4.1 2.9 4.1 3.6 3.5 4.6
int 66 39 62 64 50 48 54 54 50 52 47 40 61 52 53 62 38 45 48 36 39 62 38 62 54 41 57 46 47 44 58 62 37 59 53 48 44 57 54 55 52 47 41 43 61 59 40 55 58 59 47 62 47 65 36 50 46 38 49 65 43 60 39 55 40 54 47
int 67 13 29 11 16 7 3 4 19 10 20 1 2 9 5 9 4 10 27 9 15 25 17 19 28 29 4 27 1 10 17 29 16 18 16 15 14 13 28 13 17 21 29 13 4 22 20 2 6 29 8 3 15 22 13 13 17 5 10 7 3 29 1 26 29 28 26 19
int 68 67 75 55 50 74 75 64 55 73 52 53 59 70 50 78 68 73 74 71 59 74 73 78 50 60 59 61 49 74 49 74 62 60 54 61 56 66 63 77 76 56 69 50 53 59 69 55 71 53 65 52 69 74 51 54 70 53 65 66 49 72 67 77 70 54 71 62 63
char 68 c b r k s d e d o k b p i m r t m b a m r r q l t f m p f p o g d l a s m r f j r a d n c f o m f b q c g j k m p s n e o n n e f o b t
bool 69 0 0 1 1 0 0 1 0 0 0 1 1 1 0 0 0 0 0 1 1 0 1 1 1 0 0 1 1 0 0 1 0 0 0 0 0 1 0 1 1 1 1 1 1 0 0 1 0 0 0 1 1 0 1 0 1 1 0 0 1 0 0 1 0 1 1 0 1 1
int 69 50 52 56 67 48 69 69 61 52 50 73 63 54 48 70 71 56 73 74 66 48 58 63 50 73 48 51 63 57 73 62 50 50 72 70 74 50 63 55 51 71 59 47 56 51 57 64 56 69 55 52 64 52 57 59 75 70 49 67 75 63 48 51 46 48 75 71 64 56
double 72 6.1 6.1 7.4 6.6 6.3 7.5 5.2 5.5 6 6.3 6.3 7.2 5.1 6.5 7.6 6.7 6.8 6.8 6.3 6.7 6 6 5.2 7 4.9 5.4 5.9 7.8 6.8 5.2 7.8 6.4 6.6 5.2 7.4 7 6.7 6 5.4 5.3 7.2 7.2 6.8 5.9 5.5 6.5 7.1 7 6.7 7.1 5.9 6.2 7 5.2 5.1 7.4 6 6.2 5.4 6 4.9 6.8 7.6 7.3 5.2 7 5.8 7.3 4.9 6.1 7.1 6.8
int 72 15 10 27 12 31 30 24 19 29 7 22 11 32 29 28 28 7 19 19 34 8 15 16 31 21 19 23 34 34 29 19 10 35 30 30 14 18 20 14 12 19 34 33 20 35 25 11 22 31 36 18 15 36 24 25 35 28 31 12 25 27 19 27 18 15 13 16 14 36 29 18 29
double 73 2.9 2 2.1 3.4 4.4 1.9 1.9 2.9 3.4 3.2 4.6 2.2 3.7 4.6 4.2 2.1 2.1 3.3 4.1 1.8 2.5 2.6 4.1 2 2.9 2.9 3.7 4.3 4.5 4.4 3 4 2.9 3.8 2 4 3.5 3.5 4 4.7 3.3 4.1 1.8 4.5 3.8 2.9 4.6 1.8 4.1 3.5 2.2 2.2 3.6 3.4 3.7 3.4 3.6 2.2 2.7 3.8 4.6 3.7 2.3 2 2.5 3.5 3 2.3 4.6 4.7 3.6 2.1 3.4
int 73 8 29 28 1 21 25 25 29 13 21 5 29 16 21 10 7 5 23 28 9 2 20 8 6 6 14 14 20 30 3 10 7 1 28 5 9 1 9 26 20 19 22 28 29 17 29 14 8 2 9 3 29 8 28 13 28 13 14 11 10 2 14 13 25 6 4 4 1 16 6 22 1 18
bool 73 0 1 1 0 1 1 0 1 1 0 1 1 1 0 1 1 0 1 1 1 1 0 1 1 1 0 1 0 0 1 0 0 0 0 0 1 1 0 0 1 1 1 0 1 1 0 1 1 0 0 0 1 1 0 0 0 1 0 0 0 1 0 0 1 1 1 0 0 0 1 1 1 0
int 77 70 66 50 43 61 56 65 45 66 61 64 55 60 64 58 44 68 59 54 46 48 62 69 52 65 44 65 51 55 70 42 71 71 58 48 42 66 64 52 59 47 47 65 50 49 51 52 54 45 50 64 43 52 58 66 53 61 63 65 57 60 57 69 65 65 69 65 64 45 56 63 55 52 57 54 60 63
int 77 14 19 15 16 9 13 29 22 23 2 14 18 3 15 8 26 14 11 8 15 2 25 9 13 21 8 23 26 8 28 20 24 22 28 14 27 18 3 19 3 16 30 3 9 4 13 1 7 5 12 30 26 21 6 20 13 11 7 13 27 24 27 20 13 6 10 5 17 16 28 27 1 5 16 2 8 23
bool 77 0 1 1 0 1 1 0 0 0 0 1 1 0 1 1 1 1 1 0 0 0 1 1 1 1 0 0 0 0 1 1 0 0 0 1 1 0 1 1 1 1 0 1 0 1 0 1 1 1 1 1 1 1 0 1 0 0 0 1 1 1 0 1 1 1 1 0 0 0 0 0 1 0 1 1 1 1
double 78 2.8 2.4 4.3 3.5 3.6 4 3.7 5.1 2.6 3 2.3 3.8 3 4.3 4.2 2.3 2.2 2.4 4.1 2.8 2.4 2.9 3.9 5.1 3.3 3 3.3 3.1 3.5 3.6 4 4.6 3.4 5 5.1 3.4 4.2 4.4 4 3 4 2.9 2.4 2.5 3.9 3.7 3 4.6 3.5 3.8 5.1 3.3 3.1 4.3 3.2 2.7 3 2.7 4.9 2.8 4.3 3.9 4.9 2.2 4.2 4.8 4.2 4.9 5.1 3.6 3.4 3.2 4.1 3.6 2.9 4.9 4.2 5
double 78 4.4 2.7 5.1 4.8 4.4 3 4.6 3 3.2 3.1 4.8 2.8 5.1 4.3 3.6 2.3 4.7 5.1 3.1 4.2 3.6 3.4 3.3 2.2 5.1 5 3 3.7 2.4 4.2 3.1 4.5 2.2 3.6 2.5 2.5 4.7 4.4 4.8 2.6 3.9 2.9 4.6 3.5 4 4.4 2.6 3.1 4.4 2.3 2.6 4.6 4.8 2.4 2.7 2.8 4.1 4.8 4.7 5.1 4.1 4.1 4.5 3.5 4.8 4.8 4.5 5.1 2.7 4.3 5.1 4.2 2.2 3.4 2.9 3.9 2.7 2.5
char 79 k d d c s n g e q c p b j m t j s b p h a q o i s j t m n a d o o q t b f a n h h g l r e t e d t b e o l c m g e b q o a d d e q t h e n n n e l b d f s p j
int 79 34 36 32 35 49 47 36 32 33 49 53 30 29 51 45 46 31 27 47 53 37 34 52 37 53 49 35 51 36 37 47 26 44 29 45 44 30 33 45 45 51 39 30 28 50 32 37 50 31 44 36 30 42 44 37 33 29 43 45 33 39 33 35 33 52 37 30 39 31 33 40 50 54 54 46 30 47 26 47
double 83 6.5 6.2 5.4 4.5 7 5.2 6.6 6.4 6.5 6.5 5.2 6.9 5.5 7.1 6.5 7 4.4 5.1 4.8 5.8 5.3 4.2 5 5 4.9 5.6 6.7 7 5.3 5.6 6.3 6 4.6 5.9 6.3 6.6 6.8 4.8 4.7 6.6 6.2 4.7 6.9 4.8 5.6 5.1 4.6 4.6 7 5.7 5.4 4.2 5.3 6.5 6.2 5.1 5.6 4.8 4.4 5.9 5.9 4.5 6.1 4.8 6.3 4.9 6.2 5.9 4.5 5.4 6.3 5.2 5.6 5.8 5 6.1 6 5.2 5.5 5.9 5.2 7.1 6.7
double 84 4.3 4.1 4.8 4.5 4 6.3 3.9 6.1 4.8 5.3 3.9 4 6.5 4.2 4.5 4 4.8 6.3 4 3.8 5 4.5 6.5 4.5 5.4 5.8 4.6 5.3 6.5 4.8 5.8 3.9 3.9 5 6.5 4.3 4.6 5.9 6.1 6 5.6 6 5.8 6.5 6.7 5.9 6.1 5.5 5.7 6 4.2 4.8 5.5 3.8 5.4 5 4.4 6.4 5 5.2 3.8 5.3 4.8 6 4.5 5.5 5.2 6.7 6.3 5.3 3.9 4.7 5.5 3.9 4.1 4.5 4.3 5.7 4 5.6 4 6.3 3.8 5.3
double 85 6.2 6.4 6.4 5.8 5.5 5.3 6.9 4.4 4.5 5.1 5.3 5.4 4.8 5.6 4.8 5.8 6.1 5.5 6.4 4.9 4.3 5 6.2 6.8 5.4 5.9 5.9 5.8 6.5 4.5 6.8 4.4 5.4 4.6 6.2 4.8 7 5.1 4.2 6.6 6 6.6 4.3 6.5 4.9 5.6 5.8 6.6 5.4 4.3 5 4.8 5.5 6.3 7.1 7 4.7 5.5 5.3 6.3 6.4 6 4.6 4.8 5.3 5.4 5.8 5.4 5.4 4.2 5.3 5.8 5.7 4.2 5 6.7 6.8 5.6 5.1 6.6 5.8 5.8 5.1 6.4 5.3
double 86 4.9 6.1 3.7 4.9 5.2 6.6 4.4 6.3 4.2 6.1 4.4 5.5 5.4 5.5 4.5 6 3.7 3.7 4 6.4 3.8 3.8 5.6 4.4 5.2 5.4 6.3 4.1 3.8 5.4 3.9 6.3 4.5 4.1 5.8 4.3 5.4 3.7 6.4 6.1 5.9 5.9 5.9 3.7 4.2 6.4 6.2 3.8 6.5 5 5 5.3 3.9 5.8 4 4.2 5.8 5 6.5 5 4.4 6.5 6.6 5.7 4.8 5.6 6.3 4.3 4 3.7 4 6 4.3 6 6.5 6.5 4.9 3.8 5.7 4.8 5.3 5.3 4.2 4.1 5.8 5.5
int 87 31 11 10 23 10 22 22 13 9 27 28 35 31 26 23 23 28 7 29 35 34 31 21 19 13 23 17 14 11 7 21 29 35 19 33 9 8 35 34 25 21 24 9 33 31 25 14 27 27 34 17 34 11 17 11 21 23 19 22 34 27 26 17 13 32 14 26 16 19 15 28 8 10 8 22 9 13 17 16 29 23 32 16 33 22 17 28
char 89 i g f t t e t s a d d q i n s j m h r k j k t t m a p l q h h b e r q g b r d e o d f f p o i h m e n t e b i l q j m d l m k e o f i r b m q c m o b r c e s c h q o b m f o a o
double 90 1.1 3.7 1.9 3.6 2.5 2.4 1.7 1.4 2 2.2 2.9 1 1.7 3.3 1.9 3.5 1.6 2.7 2.4 2.8 3.6 2.5 3.5 3.5 2.4 3.4 1.5 2 1.6 1.4 1.6 2 1.2 3.2 0.9 2.5 1.1 2.8 2.6 3.5 3.4 1.6 3.3 2.7 1.8 1.9 3.4 1.4 2.8 2.7 2.1 1.9 2.6 2.7 2.3 3.6 2.9 2 1.3 0.8 3.3 2.4 2 2.1 3.5 2.8 2.7 1.6 2.6 2.8 3.6 0.9 1.5 2 3.4 1.8 2.4 2.5 3 2.2 2.7 1.3 2.8 3 1.7 1.9 3.4 1.7 3.1 3.3
int 92 43 42 29 28 32 35 36 26 26 38 39 33 35 25 31 30 25 35 48 21 42 44 27 37 33 29 42 20 28 48 46 28 31 20 42 49 39 30 20 33 39 28 48 37 49 41 25 41 29 24 24 27 20 41 37 32 42 46 22 49 27 39 32 44 22 38 23 36 44 38 33 21 46 24 36 42 25 42 34 30 20 29 44 23 25 40 25 49 46 39 48 28
bool 94 1 0 1 0 1 1 0 1 1 1 0 1 1 1 1 0 1 1 1 1 1 0 1 1 0 0 0 1 0 0 0 1 0 0 1 1 1 1 1 0 0 1 1 0 1 0 0 1 0 0 1 1 0 1 0 1 1 1 1 1 1 0 1 0 0 1 1 1 0 1 0 1 0 1 0 0 1 0 1 0 0 0 0 1 1 0 0 1 0 0 0 1 0 1
bool 95 1 1 1 0 1 0 1 1 0 1 0 1 0 0 1 1 1 1 0 1 0 0 0 1 0 0 0 1 1 0 1 1 0 0 0 1 1 1 1 1 1 0 1 0 0 0 1 0 1 1 0 0 0 0 1 0 1 1 0 0 0 1 1 0 0 0 1 1 0 0 0 1 0 0 0 1 0 0 1 1 1 1 0 1 0 1 1 0 1 0 0 1 1 0 1
char 97 r n s a d b i l t j l c t t f b i j i g s e o h p o t i k i j g g t h s o b h c t n g f q k s g g p c p i r o q l a t r d j i i j f q h s r t h g e l n p l p b a q j d b f c h q b e a n j n c f
char 97 q k s p o h n h t l o f g h o a m d d r n b i b c b a f k h q j o s a c h k g h g s q c b l h m k m l a t r b e q h h k t f s m i i m f f o l m d t h h b j o h e t t f j d t n b m d s d a d k r
int 97 60 49 66 55 60 43 53 63 57 54 57 64 72 65 71 72 72 59 53 45 64 72 65 43 44 62 65 70 67 63 53 43 48 52 43 63 60 45 72 58 62 52 59 46 57 54 59 50 48 59 72 53 54 59 65 69 69 52 55 48 46 72 64 56 52 62 55 69 57 45 52 67 66 49 57 63 64 52 71 66 56 70 43 44 69 71 43 60 64 57 58 63 64 59 70 55 44
bool 99 0 1 0 1 1 1 1 0 0 1 1 0 0 1 1 0 1 0 0 1 1 1 1 0 0 0 0 1 0 1 1 1 1 0 1 1 0 0 0 0 1 1 0 1 0 1 0 0 0 1 0 0 1 1 0 1 1 0 1 1 0 0 1 1 0 1 1 0 0 0 1 0 0 0 0 0 1 0 0 0 1 0 0 0 0 0 0 1 0 1 0 1 0 0 1 1 0 0 0
bool 99 0 1 1 0 1 1 0 0 0 1 1 0 1 0 1 0 1 1 0 0 0 1 1 1 0 0 0 0 0 0 0 1 0 1 0 1 0 0 0 0 1 0 1 0 0 1 0 1 0 1 1 0 0 1 0 0 1 0 1 0 0 1 1 0 1 1 1 0 0 1 0 0 0 1 1 0 1 1 1 1 1 1 1 1 1 1 0 1 0 1 0 0 0 0 1 0 0 0 1
int 100 10 23 29 28 22 10 22 14 33 6 10 9 5 20 6 7 14 16 30 17 6 22 14 7 34 10 7 33 14 9 6 5 23 32 27 22 13 8 27 29 29 10 32 18 31 33 9 28 9 21 19 20 28 23 11 14 12 19 9 8 23 7 19 28 19 18 33 26 9 8 7 30 28 23 14 27 14 30 19 30 19 30 16 15 5 34 29 22 34 34 34 30 7 23 13 32 13 18 19 6
double 101 6.4 6.3 4 6.7 6.5 5.5 4.6 4.2 4.4 5.6 6.6 6.4 5.8 4.7 5.2 4 6.7 5.3 4.5 4.5 6.9 4.8 6.4 4.2 4.3 4 4.2 6.5 4.7 5.7 6.1 4.4 6.5 4.2 4.4 5.2 6.1 5.3 5.1 6.6 5.3 4.6 5.5 6 6.3 6.2 4.8 6.4 5.7 4.1 6.6 6.2 6.7 6.6 4.2 6 4.7 5.2 6.4 4.8 4.2 5.2 6.4 6.8 6.2 4.2 5.8 6.1 4.2 4.8 4 6.7 4.7 4.7 4.7 5.2 6.4 6.6 6.3 5.9 6.1 5.3 6.6 4.2 5 4.5 6.1 6.4 4.9 5.1 4.5 6.1 5.6 6.2 5.3 6.3 6 6.5 6.5 6.5 6.2
char 101 i p t q o c c o o q s b b m t p d h o s f d t c b q t d j d h d p l k t r p e q c d c q n f f p q r o p s b s h n l c r t n o q j h i e l b r n b r n k b l n l d r n a b r l a k l a h a e g k c p q d d
char 102 m l n l o b m q l j q g h l t f d c d d j h m e r b r c n q q k i s s r p q l s c k e m e o f e k q r m i s t j a c i e j s l o b i a h a l j c i m g i d j l t a e q h m d c o h l f j c c c a t g f j r a
int 102 49 57 56 40 36 42 55 35 51 63 37 64 43 64 37 60 63 54 60 62 59 63 51 53 53 58 61 46 41 37 38 61 41 60 47 55 62 63 57 56 43 45 44 43 42 58 45 60 38 47 60 47 41 38 54 57 42 62 55 37 56 35 57 38 47 48 45 61 49 55 40 35 36 36 38 58 57 50 54 38 60 59 53 50 41 40 40 55 39 45 62 47 39 54 60 49 41 43 48 60 35 51
char 102 d j t a b h d c m q e h s j j a p f m p q m m p o q f f g k k r o t p r p s n t s l n n c l o b b e t f o o r b r t o t r t p k k s n g c t g c k p n c a f p g f t c g l r c m c e f c i l i k n o i s c b
int 102 50 34 46 46 23 23 23 24 30 34 34 22 26 27 35 33 49 27 34 25 36 34 43 47 49 31 36 29 36 39 31 40 41 36 42 42 24 43 50 40 42 24 43 33 22 40 24 25 34 50 25 25 42 48 47 47 29 40 29 30 36 36 36 46 44 28 47 38 50 34 47 26 43 32 48 45 24 26 36 23 47 44 30 29 45 35 35 35 25 43 35 36 21 42 40 23 40 40 24 45 25 29
double 103 2.3 0.1 2.7 0.2 1 1.8 1 0.6 1.2 2.7 0 0.5 0.2 0.3 0.8 0 2.4 1.9 0.9 2.9 0.4 1.9 0.8 1.1 2.2 2.2 2.3 0.8 2.5 0.3 1.7 2.1 2 1.7 1.5 0 0.8 1.4 1.1 1.3 1.4 2.8 1.6 0.9 1.1 2 1.2 0 0.9 0.2 0.5 2.9 0.8 0.5 2.2 2.2 0.3 0.4 2.9 1.1 1.8 2.3 0.3 1.4 1.7 0.5 1.3 0.2 1.8 1.8 1.7 0 2.9 0.5 2.6 2.7 2.9 2.8 2.9 0.5 1.5 0.7 2.5 1.6 0 0 1.6 1.9 0.3 0.1 1.8 0.8 2.6 2.4 2.1 0.3 0.1 0 2.9 1.7 0.8 0.5 2.8
bool 103 0 1 1 1 1 1 0 1 0 0 1 1 1 0 0 1 1 0 0 1 0 0 0 1 0 1 0 0 1 1 1 1 0 1 1 1 0 0 0 1 1 0 0 1 0 1 1 1 0 0 1 1 0 0 1 0 1 0 1 0 0 1 1 1 1 1 1 0 0 0 1 1 1 0 1 0 1 0 0 1 1 1 0 0 1 0 1 0 1 1 1 0 1 1 0 0 0 1 0 1 0 0 0
bool 103 0 0 1 1 1 0 1 1 1 0 1 0 0 0 1 0 0 1 1 1 1 0 0 1 0 0 1 0 1 1 1 0 1 0 0 0 0 0 1 0 0 0 0 1 1 1 0 1 0 1 1 1 0 0 1 1 0 0 0 1 1 1 0 0 1 1 0 0 0 1 0 0 0 0 1 1 1 0 1 1 1 0 0 0 0 1 0 0 0 1 0 1 1 0 0 0 1 1 1 1 0 0 0
double 105 3.4 3.2 4.7 3.5 2.2 4 3.3 3 3.9 3 2.8 3.8 3.6 4.5 2.6 2.5 4.2 5.1 4.1 2.8 4.8 2.5 4.7 3.6 5 3.3 4.3 3.1 4.7 3.2 4.9 4.5 3.2 4.4 2.9 5 3.6 2.4 4.1 2.3 2.9 4.4 4.4 2.5 3.2 3.3 5 2.6 3.8 5.1 2.9 3.7 4.6 3.7 2.6 4.7 3.6 3.6 3.1 4.4 4.2 2.8 2.5 5.1 4.3 2.4 3.2 4.7 2.3 3.2 3.6 3 4.8 3.8 2.6 4 3.2 3.7 2.4 3.2 3.4 4.7 4.8 2.8 4.1 4.9 2.7 3.4 5.1 3.2 3.7 5.1 2.4 4.4 4.7 4.4 4.1 2.7 5.1 4.1 2.8 3.9 4.6 4.1 4.3
bool 105 1 1 1 1 1 1 1 0 0 0 0 1 0 0 1 1 0 0 0 1 0 1 0 1 1 0 0 0 0 0 0 1 0 1 0 0 1 0 0 1 1 0 0 1 1 0 0 1 1 0 0 0 1 0 1 0 1 0 1 0 1 0 1 1 1 0 0 1 1 0 0 0 1 0 0 1 0 1 1 0 0 0 0 0 0 1 1 0 0 1 1 0 1 1 0 0 0 0 0 0 1 0 1 0 0
double 106 6.1 4 5.6 5.2 6.3 5.2 5.9 6.4 5.7 3.9 4.2 5.7 6.5 5.2 6.3 6.3 5.7 5 5.6 5.7 5.9 5.4 4.6 4.5 4.4 6 4.7 6.2 4.1 6.2 5.8 4.4 6.2 5 5.9 5 3.9 4.3 4.4 5.9 4.3 6 3.7 4.9 4.2 4.5 5.6 4.1 4.8 4 6.2 4.4 3.6 4.8 5.5 6 5 5.1 5.6 4.1 5.9 3.9 5.7 6.2 4.3 5 3.7 5.9 6.3 6.2 5.6 4.6 6.3 4 4.1 3.8 4.6 5.2 6.5 5.3 5.3 4.1 6.1 6.1 4.9 4 3.7 4.6 5.1 4.7 3.8 5.8 6.4 3.9 5.5 5.5 6.2 3.7 5.6 5.3 6.4 6.5 6.5 5.8 5.1 3.8
bool 106 1 1 0 0 1 1 1 0 1 1 1 1 1 0 0 1 1 1 1 0 1 0 0 1 0 0 0 0 1 1 0 1 0 1 0 1 0 0 1 0 1 0 1 1 0 1 0 1 0 0 0 0 0 0 1 0 0 1 0 0 1 1 0 1 1 1 1 1 1 1 0 1 1 1 0 0 0 1 1 0 1 1 0 0 0 1 1 0 1 0 1 1 1 0 0 1 1 0 0 1 0 1 1 0 1 1
int 109 18 24 28 12 23 29 9 34 32 36 22 10 32 26 28 15 30 10 10 35 29 10 15 32 25 10 33 30 9 28 33 24 7 23 15 30 17 8 29 20 9 20 22 33 25 27 30 35 11 26 33 35 24 28 13 7 17 12 24 19 13 33 33 17 13 13 15 9 8 11 32 13 18 22 28 36 34 34 16 25 35 34 16 22 11 36 19 35 9 26 28 28 36 35 7 24 13 36 35 13 29 18 33 33 9 35 32 25 26
int 109 34 39 61 38 59 36 63 35 39 53 62 41 61 49 36 59 55 62 34 42 52 49 46 37 46 43 57 41 50 55 49 38 55 43 46 54 48 60 35 60 54 40 63 41 58 44 63 52 37 42 58 56 60 38 43 48 38 58 55 61 51 46 47 63 59 59 34 57 45 42 37 49 48 36 62 62 55 45 59 53 38 37 60 35 57 41 35 41 36 56 37 50 42 49 38 58 63 40 35 48 57 37 56 63 62 44 58 39 44
