int 11 12 42 34 13 15 80 53 81 9 1 56
double 11 5.87 1.7 8.2 2.49 2.51 8.66 5.56 6.47 0.53 2.48 4.97
char 12 s p n r q s g r l s o t
double 12 8.95 6.32 1.98 7.25 7.87 5.7 3.92 7.3 7.87 4.94 1.11 3.31
bool 13 0 1 1 1 1 1 1 1 1 1 1 0 1
int 13 63 19 38 83 44 88 32 15 17 67 24 94 93
bool 14 1 1 1 0 1 1 1 1 1 0 0 1 0 1
bool 15 1 1 1 0 1 1 0 0 0 1 0 0 1 0 1
bool 16 0 0 1 1 0 0 0 1 0 1 0 1 0 0 0 1
int 20 30 59 5 7 88 18 27 17 95 97 42 10 2 87 76 77 35 95 31 22
double 21 9.81 3.95 0.01 4.85 2.45 3.27 3.48 3.4 8.41 5.52 0.33 3.76 2.71 3.97 4.54 3.82 3.37 1.72 7.84 9.66 3.91
int 22 26 43 74 27 3 71 1 22 4 94 63 68 55 5 15 79 92 44 40 71 86 14
int 24 79 60 97 20 73 39 99 51 26 38 15 54 67 85 12 73 5 75 89 98 15 33 89 52
bool 24 0 0 0 0 0 0 1 0 1 0 0 0 1 0 1 0 1 1 0 0 0 1 1 1
int 25 81 53 82 69 46 48 29 52 56 29 36 93 76 35 78 82 24 36 60 96 19 45 28 36 45
int 25 15 59 31 80 95 46 63 17 78 32 50 56 9 45 49 77 86 44 27 14 46 78 15 24 27
bool 26 0 1 0 1 0 1 1 1 0 1 0 1 0 0 1 1 1 1 1 0 1 1 0 0 0 1
char 27 f d g p k c p d f m j a n r q d n g m q c s l g o j c
bool 27 0 0 1 1 1 1 1 1 0 0 0 1 1 1 1 1 0 1 0 0 0 0 0 0 0 0 0
char 29 o j a b a p c t f p p k i j f r g c f o n c b m q g g k b
int 31 88 46 71 95 71 81 28 90 66 18 83 2 62 97 96 17 35 61 39 9 27 79 66 55 48 44 86 35 39 12 54
bool 31 0 0 0 1 0 0 1 1 0 0 0 0 0 0 0 0 1 1 1 0 1 0 1 1 1 1 1 1 1 1 1
bool 31 1 0 1 0 0 1 0 0 1 0 0 1 0 1 0 0 0 0 0 0 0 1 1 0 0 1 0 0 0 0 1
char 32 r r s f o s k n h l l g i c g l i s n f p c c k s e k e j k r c
bool 32 0 1 1 1 0 1 1 1 0 0 0 0 1 0 1 1 1 1 1 0 0 1 0 0 0 1 0 1 1 1 1 0
int 33 6 83 72 23 37 59 15 24 15 64 38 83 92 70 2 96 8 70 14 57 23 20 85 24 79 78 5 25 76 9 37 36 52
bool 36 0 1 0 1 0 1 1 1 0 0 0 0 0 0 1 1 1 0 1 1 0 1 0 0 1 0 0 1 1 0 1 0 1 0 0 0
bool 37 1 1 1 1 1 1 1 0 1 0 0 0 0 1 0 0 1 1 0 0 0 1 0 1 1 0 1 1 0 1 1 0 0 1 0 1 0
int 38 37 5 47 61 31 56 20 74 32 46 68 76 58 99 75 45 9 73 43 77 37 80 76 66 26 19 66 96 70 83 47 69 37 69 32 67 4 56
bool 39 0 1 0 1 0 0 0 0 1 0 0 0 1 1 1 0 0 0 0 0 1 0 0 0 1 1 1 1 1 1 1 1 0 0 1 1 0 1 0
char 39 l a i d s j p m e m o k j t s i h t l g p c i e q a a a q g h q a s h q t q t
char 39 a t c g h r q s n j o j q f s t r e a q s r n c t h b e a c a i a e m q g j i
char 39 i r l i n j i o k q i b k e s d b k s e n a e a l a b d m b i k f o m b i k t
double 40 0.55 7.34 3.01 2.96 4.04 5.3 4.24 4.16 7.09 3.9 9.64 5.62 3.14 7.42 6.29 1.21 1.01 4.5 9.78 8.79 8.89 4.02 8.16 7.84 1.9 5.83 5.21 0.04 2.79 5.75 2.85 8.41 7.34 6.4 3.38 4.22 6.51 9.9 8.41 6.01
bool 41 0 0 1 0 1 0 1 1 1 1 0 1 1 1 1 0 1 0 1 0 1 1 1 0 1 0 1 0 1 0 0 0 0 1 0 0 1 0 0 0 1
int 41 4 56 30 74 20 88 90 4 70 99 92 46 10 38 31 98 75 48 81 48 72 52 70 58 78 24 54 39 79 93 62 5 73 46 24 33 24 64 34 16 29
int 41 66 81 65 89 22 76 73 57 30 88 66 34 79 9 71 27 56 76 31 61 57 40 14 7 23 45 58 92 97 85 34 67 1 3 82 61 72 25 4 38 61
bool 42 0 0 1 0 0 1 1 0 0 1 0 0 1 1 0 1 0 1 1 1 1 0 1 1 1 1 1 1 0 0 1 1 0 1 0 0 1 0 0 1 1 0
int 42 93 19 92 2 70 58 37 68 54 18 72 37 12 84 22 60 95 5 68 34 42 2 86 62 77 34 8 81 77 2 14 24 17 99 52 84 60 32 15 84 91 86
bool 43 1 1 0 1 1 1 0 1 0 0 0 1 1 0 0 1 0 0 1 0 1 0 0 0 0 0 1 1 0 0 0 0 0 0 1 0 0 0 0 0 1 1 1
char 44 f a r b j l g r c m b g m b k e g k t g d m s g f q q k t e s n e k f k r m o n n n r i
int 45 38 57 90 4 62 45 64 25 4 12 70 93 97 57 62 34 66 94 47 8 88 43 12 97 34 17 61 14 51 83 12 88 69 65 90 97 9 55 31 45 27 29 72 35 83
double 47 4.98 3.36 1.57 2.61 4.06 2.41 2.39 1.08 9.68 4.46 6.26 0.39 9.57 1.31 4.53 4.2 1.25 2.5 6.04 0.89 6.06 4.13 7.67 6.95 6 7.58 0.52 8.95 7.16 4.7 5.46 3.62 3.01 5.18 2.36 4.33 3.7 8.07 8.51 5.06 7.8 0.32 0.39 5.81 8.4 5.92 3.27
char 47 k c c b c n l q j q p h b m e f f d h s b o c b o p j e p p q s n t b q l q h p c s s k f o g
bool 48 1 0 0 1 0 1 1 0 1 0 1 1 0 0 0 1 1 1 0 1 1 1 1 1 0 0 0 0 0 0 0 1 0 1 0 1 1 1 1 0 1 0 1 1 1 0 1 0
char 50 q f o j i i g r m e b q s q i d t m t h i j m f t o k j o n n e r k h k m q e o b q k a c c c e f d
double 52 8.63 7.03 0.91 8.15 0.13 9.13 0.04 0.06 1.36 7.55 5.72 1.49 1.92 4.7 2.54 1.1 3.07 9.58 8.57 0.46 5.52 3.45 0.2 3.68 4.61 7.44 2.28 8.14 9.75 5.68 6.02 3.64 6.02 1.21 9.12 1.93 4.73 8.11 3.07 8.23 1.64 6.28 9.68 4.39 4.42 8.3 8.61 5.46 3.18 5.95 4.42 7.74
char 52 p d q p j h f e f k i m g o t b g i t s s h c c p e c s i k c c d s f o j j m f p d r e k k s o h l l t
int 54 21 11 6 88 16 83 80 1 5 72 80 86 36 24 6 75 56 71 42 81 12 46 67 52 50 80 68 99 33 20 27 18 37 47 60 80 36 15 67 64 3 53 48 68 86 50 13 34 12 47 13 70 38 35
int 54 13 12 21 73 92 11 4 49 36 49 26 87 36 66 74 33 28 35 71 25 11 15 51 7 58 25 58 39 73 16 69 42 12 71 74 56 72 35 75 89 58 62 90 51 25 32 53 98 2 63 79 65 82 62
int 56 67 73 73 97 23 95 78 45 52 31 96 50 4 27 9 48 9 25 14 70 15 40 71 81 29 79 10 91 26 46 72 3 50 56 98 91 35 87 87 96 40 78 40 79 59 83 81 70 61 30 75 12 5 12 46 76
bool 56 1 1 0 1 0 0 0 1 1 1 0 1 1 1 0 0 1 0 0 0 0 1 1 1 1 1 1 1 0 0 1 0 1 1 0 0 1 0 1 0 1 0 1 0 1 0 1 1 1 0 0 0 0 1 1 0
char 58 i g f d l j n t p q p i j s o d o b f j s n o c a s b k q i r t l i l b r k c i p o i e s o t i f n i r p l k e g q
int 61 96 36 99 38 9 15 73 35 82 51 34 32 11 42 76 15 24 89 50 85 40 22 76 25 53 9 19 48 41 81 50 10 15 98 81 79 96 12 88 79 74 60 55 12 88 53 85 49 21 45 3 84 95 37 28 35 16 47 86 32 76
int 62 70 81 66 24 25 95 10 8 93 51 70 84 37 27 14 2 12 21 33 76 27 56 87 67 35 8 97 75 68 2 5 88 23 30 80 52 19 78 50 27 74 92 76 57 54 66 92 78 71 31 91 37 90 86 33 20 77 11 66 19 79 28
char 62 m t q c g o a d l a m l j i a i e l j o r b h m l e p t f c p d q a d f h g b f e q g o s q o t i t s a f o r i g i p f b i
double 63 9.48 9.54 0.38 8.63 3.41 0.67 3.02 2.4 2.22 7.47 5.05 2.92 7.55 4.35 8.35 0.9 0.35 0.99 0.61 8.83 2.59 3.69 3.95 6.47 9.61 6.3 0.09 4.89 7.37 9.69 1.75 2.69 1.05 8.24 8.18 5.01 0.02 3.2 1.36 8.18 8.82 7.56 9.26 4.83 2.05 6.12 8.06 9.56 9.88 5.5 8.41 5.18 4.03 7.67 8.19 2.59 6.62 1.69 0.1 9 9.28 5.12 4.69
int 63 26 62 92 21 92 62 56 65 58 13 56 17 34 48 58 75 52 6 47 78 55 44 6 88 28 27 93 98 48 33 71 57 98 58 4 52 18 73 47 46 65 51 69 68 21 85 21 99 68 14 37 67 29 41 97 49 56 20 22 39 91 6 86
char 63 q o a q o t k f g q e r b l o r e h e s o a g o b o q i p b l n b p k p e i b f d j r a m s o o n p m m g a l k h l s h k o c
bool 63 1 1 1 1 1 1 1 0 0 0 1 0 0 1 1 0 0 0 1 1 0 1 0 0 0 0 1 0 0 1 1 1 0 0 1 1 1 1 0 1 0 1 0 0 1 1 0 1 0 0 1 1 0 0 1 1 1 1 0 0 1 1 1
double 66 7.16 5.22 7.77 8.82 2.14 2.65 0.57 3.59 3.63 8.67 8.29 7.52 7.39 5.86 5.74 8.61 8.88 2.65 3.01 9.11 6.78 5.64 4.74 3.77 9.99 3.92 4.8 6.27 4.6 5.65 4.46 8.14 1.15 1.31 5.23 0.14 9.5 6.46 6.44 1.61 7.76 4.28 5.6 8.66 7.9 6.86 2.8 7.15 7.5 2.93 9.25 2.19 6.32 0.61 8.62 9.66 1.29 3.72 8.98 8.29 5.17 7.65 9.82 4.58 0.99 3.02
char 67 p p q e b l b g d b o h a m d r p n s p m s r e e d n k b q p p a l i j d a k l j j t c r p i t n k e f r k g d d j q f l b h n r f q
double 69 2.65 7.45 3.26 6.72 5.32 7.99 6.08 9.46 0.58 6.38 0.94 4.59 0.38 5.92 9.55 2.49 7.08 5.49 0.35 4.69 9.61 2.06 9.13 1.35 0.07 1.84 8.55 5.04 3.15 0.55 4.15 7.27 3.79 7.79 2.53 0.04 0.17 8.19 0.64 3.01 1.34 1.44 9.94 8 4.68 1.22 9.66 4.65 7.69 9.4 7.25 5.68 5.6 0.5 9.89 5.38 7.01 4.98 5.07 6.92 6.54 7.23 4.13 4.36 0.28 8.16 2.62 1.93 4.02
double 69 3.07 2.27 3.57 8.24 8.9 0.92 3.11 2.06 6.28 1.56 7.45 6.2 0.82 6.82 7.87 7.85 2.14 2.95 6.34 2.49 6.83 5.11 7.87 3.26 4.09 2.15 9.01 9.79 7.96 8.59 0.69 5.85 7.46 5.7 4.28 0.2 0.84 4.76 6.28 1.29 8.99 2.75 8.07 5.55 2.08 5.5 6.21 2.53 6.37 7.84 3.74 9.02 5.8 7.24 3.19 1.08 4.47 2.35 7.3 2.99 4.28 6.25 0.47 3.16 5.81 9.07 0.36 6.35 5.16
char 70 t g p r t a j o j p c n b f q c c r l f i k t c f l i e d l s q b m b j f i e p p r b i p j h s c f r r k t k p g l r p a l q b r f g j r d
char 72 b p l h j a l k j n r m a q f r a h a r m d n g f l r c c q n p k r a n d c b e i j n h p o b a m e o e m q s t o r k a a t b f i f n d q f e b
char 74 l k a e r a n b t e p j a e s r r i q j o n i k r t h l j b h b s e g m j m s a d s c j b q s l t r f n r m i i r a m q i m q i b i f h i o k f c n
int 75 15 34 20 62 82 65 33 49 5 21 99 54 32 21 82 88 75 41 9 95 39 44 55 29 87 16 61 10 82 12 40 72 38 72 85 53 54 68 86 64 40 7 44 60 29 23 86 30 18 65 63 73 77 69 63 94 25 78 22 51 45 8 45 62 31 49 6 24 40 59 1 42 8 96 91
double 75 2.91 2.34 1.83 5.67 9.88 5.03 2.35 8.85 4.98 4.71 2.85 6.74 7.72 2.8 4.49 3.62 2.16 8.17 5.66 5.66 3.6 6.28 9.16 5.49 2.92 8.96 7.45 6.53 2.22 7.36 1.38 7.95 0.27 1.54 8.02 9.48 5.26 9.81 9.16 9.81 8.07 0.88 9.44 1.9 0.18 5.29 8.99 8.98 4.4 4.46 0.97 8.9 5.77 9.84 2.22 0.6 8.53 1.38 2.09 0.21 9.7 9.24 8.71 6.05 5.5 0.74 5.49 2.28 7.4 5.77 3.38 9.63 1.66 6.23 1.89
double 76 6.77 7.71 9.47 7.05 9.64 6.49 9.5 8.48 1.62 4.58 4.75 5.69 8.05 2.92 6.57 9.94 7.81 5 6.38 9 7.66 4.15 8.31 7.7 9.52 4.79 8.9 4.74 1.3 8.75 1.76 5.04 5.62 4.54 9.04 1.31 0.15 7.41 4.28 6.05 9.36 9.68 0.65 0.93 2.5 6.11 3.63 6.84 0.51 9.01 7.31 9.83 4.97 3.67 9.19 2.19 2.89 8.83 5.41 1.93 0.04 1.87 4.57 8.24 5.76 8.54 2.69 2.47 2.81 5.41 5.21 6.76 1.5 1.22 3.34 3.18
bool 76 0 0 0 0 0 0 1 0 0 1 1 1 1 1 1 1 0 1 1 1 0 1 0 1 1 1 1 0 0 0 0 0 0 1 1 0 1 0 0 0 0 0 1 0 1 1 0 1 1 0 1 1 1 1 0 1 1 0 0 0 0 0 0 0 1 0 0 1 0 1 0 0 1 1 1 0
bool 77 1 1 1 0 0 1 1 0 1 0 1 0 0 1 1 0 0 0 0 0 0 0 1 0 0 0 0 0 1 0 1 0 1 1 1 0 1 0 0 0 1 0 0 0 0 1 1 1 0 1 0 0 0 1 0 1 1 0 0 1 1 0 0 0 0 0 1 1 1 1 0 0 1 1 0 0 0
double 78 3.13 6.43 3.59 4.04 8.43 2.86 4.86 6.32 9.01 2.35 1.49 2.54 1 0.37 1.27 5.82 5.96 7.43 2.48 8.51 8.85 4.31 0.17 6.92 1.48 6.45 3.21 3.77 3.15 9.25 2.35 7.22 0.89 5.83 7.15 2.88 1.71 1.13 9.55 8.63 1.28 2.09 1.7 9.67 9.93 1.02 9.23 2.66 1.77 0.77 1.62 1.06 7.79 0.05 1.05 1.82 7.78 8.17 0.34 0.31 4.88 4.69 6.65 3.17 5.91 5.69 0.99 3.01 7.76 7.14 8.21 6.09 3.16 6.25 4.4 2.17 2.74 1.94
char 80 c r d d o q c t a a c d h f m h n e s q c c m i m t c r n q h i a g q q b k h p k d i k r j c i q b b c l m l t s s m d c t g i o f k b f r b n p h g g r q c f
bool 81 0 0 1 0 0 1 1 0 1 1 0 1 0 1 0 1 0 1 1 0 1 1 0 0 0 0 1 0 0 0 0 1 0 1 1 1 1 1 1 0 0 0 0 0 1 0 0 1 1 1 0 1 1 1 1 1 0 0 1 1 0 1 1 0 0 1 0 0 0 1 0 0 0 1 0 1 1 1 0 0 0
int 81 36 63 37 36 85 48 37 56 18 19 23 64 83 23 18 76 22 94 85 38 26 40 8 16 20 77 31 75 67 23 23 72 29 96 24 38 83 1 50 83 52 6 64 69 92 6 92 27 42 90 69 59 75 64 69 42 41 76 36 70 90 3 95 33 18 40 99 26 73 93 40 27 71 14 71 65 63 65 99 66 31
bool 82 1 0 1 0 0 0 0 1 0 0 0 0 1 1 1 1 0 0 1 1 0 0 1 1 0 1 0 0 0 1 1 1 1 0 1 1 1 0 1 0 0 1 1 1 0 0 1 1 1 0 0 0 1 1 0 0 0 1 0 0 0 1 1 0 1 0 1 0 0 1 1 1 1 1 0 0 0 0 1 0 0 0
bool 84 0 0 0 0 1 0 0 1 1 0 1 1 1 1 0 0 1 1 0 0 0 1 1 0 1 1 1 0 1 1 1 0 1 0 0 1 1 1 0 0 0 1 1 0 0 0 1 0 0 1 1 0 1 1 1 0 0 0 0 1 0 0 0 1 1 1 0 0 0 0 1 1 1 0 1 0 1 0 0 1 1 1 0 1
char 87 s f b l t n s h f l m b m i s e p a s b c p m o k j a t o k k b d f c p r e n h s j j k o e k o c b o k e i d r k c s r a n n l k e f o j q k n k g c t l p k b r t n f b a l
int 89 6 31 37 90 99 72 15 34 24 74 93 68 78 37 55 20 8 72 93 11 37 8 30 4 77 18 59 68 51 52 17 75 68 33 56 47 18 68 69 71 8 7 24 3 31 64 6 84 12 22 8 46 61 81 76 10 46 22 54 1 50 39 65 1 2 57 39 96 36 50 10 34 46 11 47 38 40 7 50 68 88 97 74 11 27 3 59 11 31
int 89 74 4 52 28 91 35 96 26 36 65 36 9 39 47 15 13 51 75 51 9 58 77 68 3 16 21 78 6 44 87 59 1 32 63 28 85 29 77 21 53 88 95 55 26 86 78 80 87 47 92 24 4 68 43 45 36 58 63 11 39 69 34 67 43 81 43 75 79 17 58 51 66 59 14 6 49 61 78 26 10 88 74 93 24 35 70 40 8 43
char 90 s m d b j a c r e a d t b d b f g m f k g t c l i m c m t e g k g j h f t f p c p m m h i m f l q l d n o a j m j n b t g k a f f d e c i f g i g d m i p f l e b m m b j m e k s d
bool 91 1 0 0 0 1 1 0 0 1 1 1 0 0 1 0 0 0 0 1 0 1 0 0 0 0 1 1 1 1 1 0 0 1 1 1 1 0 1 0 1 1 0 0 0 1 1 1 0 0 1 1 1 1 1 0 0 0 0 0 1 1 1 0 0 1 1 1 0 0 0 1 0 0 0 1 1 0 0 0 1 0 1 0 0 1 1 1 0 1 0 1
char 94 b g h a s d a h g e k c t f a o f e q c f c b i g l g k b c s j n d t h o g c k s e b g h j g f t s e e s m s t j r f c e f b d a g q s a s e q b t j r b r i g a p r a c p p s r t b p l o
int 95 63 71 47 6 4 47 20 9 37 68 91 31 8 51 99 52 5 35 73 65 49 63 39 97 25 70 29 85 21 43 97 48 59 46 62 98 74 86 73 1 29 27 27 72 32 52 18 65 40 1 23 70 68 33 53 61 75 10 4 62 21 7 42 86 80 61 87 30 98 11 81 74 20 45 34 15 85 6 49 70 24 8 76 70 19 13 92 87 1 29 1 15 94 12 40
bool 95 1 1 1 0 1 0 1 0 0 1 0 0 1 0 0 1 0 1 1 1 1 0 0 1 1 0 1 1 1 1 0 1 0 0 0 0 0 0 1 1 0 1 1 0 1 0 1 0 1 0 0 0 1 1 0 0 1 0 1 0 1 0 1 0 0 1 1 0 1 1 0 1 0 1 1 1 0 0 1 0 1 1 0 0 0 1 1 1 0 1 0 1 0 1 0
double 95 3.35 4.64 9.33 0.12 2.96 0.28 6.24 1.92 4.29 0.03 5.26 4.83 4.12 9.36 0.38 1.18 9.42 1.15 7.24 6.25 4.65 3.65 0.9 3.82 7.84 7.07 6.78 9.39 0.02 7.92 7 3.95 1.84 1.9 5.17 7.35 6.96 6.46 3.17 8.44 0.51 4.23 3.39 7.41 0.7 8.56 5.81 2.05 1.95 4.86 5.97 6.38 9.71 8.25 1.25 7.34 6.72 9.57 4.96 2.18 4.94 6.86 7.63 5.95 6.52 6.35 4.77 8.84 1.46 0.75 9.32 8.82 2.93 8.9 1.3 5.79 2.28 4.44 9.41 1.49 7.59 1.33 1.53 2.92 5.38 6.62 5.36 9.34 9.46 8.75 7.22 8.18 4.14 8.11 2.92
double 99 6.15 4.69 8.94 9.08 2.34 2.22 0.6 5.69 6.4 4.6 7.63 9.93 5.44 3.04 9.4 5.95 0.05 0.97 9.84 6.42 0.62 5.53 2.53 4.04 5.11 4.38 2.77 1.3 0.27 6.93 6.39 9.25 5.62 8.23 0.83 3.03 6.3 3.07 3.73 7.53 5.95 8.6 8.7 1.35 6.06 8.11 9.04 5.59 0.39 6.12 6.07 9.41 9.6 8.9 8.13 4.33 0.69 1.73 2.77 2.18 9.22 6.34 3.19 8.42 6.21 4.01 2.33 5.68 6.68 5.49 5.99 2.18 7.41 1.28 1.1 6.14 6.37 6.32 0.46 1.92 2.94 2.67 4.6 8.62 8.18 7.08 9.67 9.85 3.03 4.11 2.66 9.88 9.93 7.2 4.71 9.9 6.96 9.49 4.43
double 99 6.71 4.29 3.04 2.78 7.35 7.34 1.75 0.39 8.28 6.65 8.23 4.19 2.99 5.7 8.29 3.36 0.93 2.09 2.5 9.6 8.68 3.51 3.82 5.45 2.1 0.86 6.36 4.15 0.38 3.01 0.63 1 9.06 9.75 0.78 8.69 2.45 9.13 2.14 1.26 7.41 9.54 8.51 9.43 5.09 9.68 8.68 4.71 8.18 0.47 6.26 7.82 2.41 7.38 7.54 0.98 2 0.87 5.57 8.62 0.74 6.35 8.28 9.06 5.51 9.31 4.96 8.18 5.56 5.92 7.95 9.98 6.76 0.5 7.69 9.51 8.82 4.26 1.4 3.28 5.36 3.18 3.19 6.98 9.41 4.85 4.46 5.17 7.61 6.04 6.96 0.84 7.13 5.18 6.18 5.43 6.77 8.53 7.74
double 100 7.39 6.03 3.75 3.24 0.74 9.44 7.14 7.19 6.12 2.33 5.41 8.18 3.23 9.27 2.85 1.13 6.95 5.2 0.5 9.55 1.82 9.83 7.77 2.84 5.43 8.36 3.26 0.62 4.92 0.54 7.6 1.89 9.3 0.44 8.9 1.64 2.62 8.28 7.28 9.27 1.23 9.44 7.49 9.92 2.27 1.2 0.1 8.09 2.32 9.97 6.18 0.92 7.26 4.97 1.76 7.82 0.11 9.08 5.27 2.74 3.34 7.94 2.58 6.1 8.76 5.96 5.41 9.14 8.05 5.2 7.19 1.71 6.28 4.78 7.64 0.25 4.89 6.94 0.69 8.69 5.21 5.48 1.92 0.26 3.83 5.1 2.36 3.21 9.02 1.73 1.19 4.02 3.21 5.33 3.69 9.6 6.67 2.93 3.41 2.42
char 101 a p e g j h p e l e b m a e k n q c l o n j i o e g m j g s p f a c c c k f g r j t h g t a o c i m f b b j q h m k q s b n m r e j e l d j j d h d j i b p b h n t d t p t n p r a g a e o c r h b i h f
char 101 b i a q c p b j r i h a p e e o h k j e d h c n n m l h j k c n c e e f i s f c m s e c q t q l f t p m q b s i a o e c m r t f e p t e n t c i l f e s s k l a f p n o t l s r s b c m a j n n m o g k g
char 103 j d d d n e e c r j n m l r g d m d n l l m q q i p n m b c a h q d j t a b h d c m q e h s j j a p f m p q m m p o q f f g k k r o t p r p s n t s l n n c l o b b e t f o o r b r t o t r t p k k s n g c t
double 103 4.92 7.89 0.87 7.3 2.07 3.8 4.98 9.66 0.91 9.95 7.76 5.09 6.85 7.24 2.48 4.34 9.61 3.86 2.14 6.78 7.38 0.25 3.49 0.79 9.53 2.2 6.84 7.62 5.07 6.06 8.06 4.37 8.65 9.12 7.12 8.94 7.96 0.04 7.69 9.59 8.07 6.77 1 4.09 9.76 7.14 2.41 0.56 4.24 3.01 9.29 9.7 8.47 8.13 2.48 6.22 9.43 7.64 1.92 6.07 4.31 3.3 3.58 2.63 0.28 1.11 2.37 0.85 7.05 1.18 0.5 0.78 6.1 4.25 0.99 8.85 9.82 3.12 9.37 2.58 3.24 5.24 5.51 9.21 8.34 8.08 1.46 3.87 8.57 7.66 8.25 7.9 3.66 9.59 3.77 3.9 5.92 0.25 0.83 2.08 0.73 4.47 3.49
double 104 4.49 2.36 2.51 4.59 8.76 5.17 4.7 3.42 6.86 5.91 9.48 2.03 6.5 7.45 0.88 4.11 7.14 9.25 5.44 8.83 7.48 7.34 6.7 9.38 5.18 7.46 6.08 1.43 7.1 8.48 0.16 3.59 4.53 1.24 1.33 5.85 8.67 0.77 5.67 9.3 1.56 4.07 0.39 1.49 0.74 4.74 6.33 8.24 7.51 0.61 9.63 1.23 6.3 5.02 9.22 1.4 9.38 3.47 3.62 5.42 6.96 0.61 9.45 9.85 9.08 1.21 3.69 7.05 6.72 1.47 6.08 4.04 5.74 9.79 9.8 5.01 6.3 0.06 1.18 6.83 2.36 8.06 4.38 6.62 8.47 1.82 7.48 5.18 5.13 0.95 0.33 6.65 6.59 6.25 4.47 5.44 4.31 2.95 9.8 8.73 4.17 6.66 1.54 1.78
double 105 6.68 6.32 8.29 9.08 1.52 8.61 8.17 5.86 4.85 0.55 2.27 3.22 2.58 6.27 5.44 8.87 3.42 3.91 6.46 7.27 8.6 3.13 1.1 2.11 3.47 9.74 9.04 8.16 1.69 3.78 1.38 3.88 5.36 0.75 5.35 6.1 0.04 9.29 1.77 3.41 5.45 6.26 8.42 6.41 2.11 5.28 7.32 4.68 8.64 8.77 1.04 4.29 9.83 4.63 8.59 0.1 0.77 6.55 6.99 0.57 1.62 7.11 8.87 0.13 0.84 9.01 2.29 9.87 6.73 6.92 4.12 6.08 7.98 3.78 0.15 1.04 7.45 6.64 4.68 4.84 4.21 3.56 5.49 0.91 6.18 4.34 1.98 9.05 5.74 1.95 0.31 5.54 0.16 5.54 5.18 2.08 5.5 2.39 0.8 0.77 8.09 7.9 8.28 6.3 1.65
int 107 52 51 9 66 27 71 78 76 37 31 78 4 48 61 43 79 39 38 6 23 16 53 32 10 9 30 44 75 32 73 99 56 47 87 35 67 27 35 13 78 71 98 86 69 85 13 59 42 74 95 34 10 16 54 84 88 10 28 4 58 15 34 40 40 34 23 55 66 95 25 84 45 66 3 51 72 27 73 16 57 23 89 98 29 81 14 91 96 56 4 86 48 2 22 65 24 46 55 58 71 50 19 31 31 30 80 33
double 108 2.81 8.39 7.82 6.98 7.23 4.61 1.65 5.17 2.83 8.66 8.05 6.75 9.4 7.5 1.99 2.96 4.67 0.15 7.41 1.08 0.59 3.16 6.56 4.47 9.59 0.74 3.7 7.13 7.02 3.95 8.77 6.45 9.89 6.88 1.47 0.71 0.58 9.18 1.61 6.23 0.58 2.62 3.18 1.87 9.01 3.47 2.73 6.95 3.97 5.23 0.35 7.12 8.78 2.76 4.63 3.12 6.4 7.52 2.9 3.28 4.45 0.07 5.43 1.38 5.49 0.84 8.97 2.47 2.91 6.86 9 2.07 9.41 8.78 9.03 8.12 8.45 8.16 3.7 3.91 1.73 7.83 1.64 7.32 9.19 9.57 0.14 3.77 2.31 2.55 4.67 2.37 9.99 4.65 2.46 1.64 6.98 0.81 3.2 0.64 9.76 3.96 1.49 2.98 6.96 1.12 8.25 8.93
char 108 f n q m q e t c n n h j b m k s b f g d q n b o s h j p m m j a c q n j n o q n g d t e s e c e o g s s r k f d j i e k s f r b p k h k e p j g b g k m k e q p a h e j g p e m k j s f f k p n j g m c k s j b n p o i
int 108 89 50 37 59 71 41 42 6 80 6 99 11 90 66 39 87 38 90 7 17 84 66 60 43 89 49 93 88 59 8 60 47 4 93 6 29 26 31 75 42 13 3 83 42 66 74 94 28 47 31 59 48 7 17 73 34 76 24 66 23 69 77 71 73 87 19 4 49 53 28 16 21 6 90 97 42 19 27 22 37 80 15 7 84 43 42 98 14 16 6 34 43 24 95 62 34 46 31 45 29 61 21 5 98 63 46 4 52
