int 10 (46 66) (30 93) (41 52) (86 18) (93 53) (56 56) (24 40) (36 49) (50 35) (53 28)
char 10 (e i) (p p) (f o) (c l) (t m) (e p) (s q) (m p) (l n) (j r)
int 11 (81 55) (4 72) (40 34) (7 81) (90 79) (36 78) (4 67) (45 4) (77 27) (69 85) (51 30)
int 12 (78 6) (36 84) (3 35) (21 89) (75 89) (20 73) (85 79) (93 24) (58 66) (40 34) (20 21) (9 25)
int 13 (38 4) (57 23) (83 84) (11 32) (48 90) (68 99) (63 91) (14 19) (28 33) (52 87) (7 42) (6 92) (64 68)
double 13 (1.32 1.21) (9.52 3.94) (0.63 2.81) (8.62 0.65) (7.88 9.09) (7.32 9.58) (4.37 0.63) (1.78 6.07) (9.92 7.32) (3.32 1.49) (1.62 9.21) (3.04 3.92) (6.33 5.64)
int 14 (65 12) (55 7) (26 90) (60 8) (52 20) (58 15) (98 75) (58 65) (69 31) (82 78) (78 69) (1 9) (50 19) (12 34)
bool 15 (1 0) (0 0) (1 1) (1 0) (1 0) (1 0) (0 0) (0 1) (1 1) (0 1) (0 1) (1 1) (0 1) (0 1) (1 0)
int 15 (67 36) (46 33) (36 60) (5 11) (45 1) (43 43) (59 88) (67 80) (68 73) (80 30) (60 46) (99 86) (17 53) (99 50) (23 3)
bool 16 (1 0) (0 1) (0 0) (1 1) (1 1) (1 1) (0 1) (0 0) (0 0) (1 1) (1 1) (1 1) (1 0) (0 0) (0 1) (1 1)
double 16 (7.3 1.25) (4.08 6.61) (3.59 2.01) (7.18 0.32) (5.04 4.96) (3.78 8.66) (4.28 4.6) (1.7 1.49) (3.87 6.48) (1.78 3.19) (0.41 5.83) (6.92 7.1) (9.76 7.2) (3.65 7.58) (5.62 2.24) (4.49 1.68)
bool 21 (1 0) (1 0) (0 0) (0 1) (0 0) (0 0) (0 1) (1 1) (0 0) (0 1) (0 0) (0 0) (1 1) (0 1) (1 0) (0 1) (0 1) (1 0) (0 1) (0 0) (0 0)
bool 21 (1 0) (1 1) (0 0) (0 1) (1 1) (0 1) (1 1) (1 1) (1 0) (0 1) (1 0) (0 1) (0 0) (0 0) (1 1) (0 1) (1 0) (1 0) (0 1) (0 1) (1 1)
char 21 (p t) (f g) (n r) (j c) (a o) (c g) (t q) (i m) (q r) (q t) (n d) (q d) (p p) (t b) (n m) (e p) (q d) (a j) (r d) (f c) (b r)
double 22 (7.66 3.26) (3.1 5.82) (9.99 1.65) (6.21 8.31) (1 9.7) (7.49 0.42) (1.44 2.96) (0.24 6.67) (6.25 0.29) (2.23 1.41) (2.07 6.83) (2.37 6.93) (8.6 8.11) (4.51 6.22) (3.9 8.12) (6.33 6.15) (2.89 7.79) (0.05 9.12) (2.85 7.33) (2.1 8.99) (5.65 6.21) (5.92 8.87)
bool 23 (1 0) (1 0) (1 1) (1 1) (0 1) (0 1) (1 1) (0 0) (0 1) (0 1) (0 0) (0 0) (1 1) (0 0) (0 1) (0 1) (1 0) (1 1) (1 0) (1 0) (0 0) (0 1) (1 0)
bool 24 (0 1) (0 0) (0 1) (1 1) (1 1) (1 0) (0 0) (1 1) (0 0) (1 1) (1 1) (0 0) (1 1) (1 0) (1 1) (0 1) (1 0) (1 1) (0 0) (0 1) (0 1) (0 1) (1 1) (0 0)
bool 24 (0 0) (1 0) (0 1) (1 1) (0 1) (0 1) (1 0) (0 0) (0 0) (0 0) (1 1) (0 0) (1 0) (0 1) (0 0) (1 0) (1 0) (1 0) (1 0) (0 0) (0 0) (0 1) (0 1) (1 0)
char 27 (n d) (i m) (g b) (a f) (i l) (n e) (h f) (g n) (d a) (f p) (l o) (g m) (o e) (j n) (p d) (l t) (p l) (n p) (o p) (m m) (q g) (f g) (s f) (h s) (g a) (b m) (l b)
int 30 (72 66) (80 25) (18 30) (63 72) (70 60) (63 68) (83 90) (26 54) (60 4) (44 70) (42 25) (36 45) (33 5) (31 64) (97 5) (47 53) (30 4) (21 81) (76 49) (79 80) (16 44) (8 10) (11 4) (56 30) (74 20) (88 90) (4 70) (99 92) (46 10) (38 31)
bool 30 (0 1) (1 0) (0 0) (1 1) (1 0) (0 0) (1 0) (0 1) (1 0) (1 1) (1 0) (0 1) (1 1) (0 1) (0 1) (1 1) (1 0) (1 1) (0 0) (0 0) (0 1) (1 0) (0 0) (1 1) (1 1) (0 1) (1 0) (0 1) (0 0) (1 1)
int 31 (93 97) (74 13) (49 64) (52 47) (37 75) (39 48) (31 22) (27 9) (79 6) (60 24) (44 48) (88 90) (65 94) (54 47) (91 20) (59 46) (53 94) (90 83) (85 57) (21 86) (78 25) (39 21) (90 89) (74 47) (15 12) (78 1) (65 90) (87 4) (25 20) (70 5) (68 75)
int 31 (93 70) (54 22) (76 6) (96 97) (57 66) (99 81) (14 96) (45 98) (50 85) (56 36) (40 98) (26 63) (13 25) (57 24) (55 65) (52 24) (78 22) (7 48) (83 76) (39 15) (65 12) (26 41) (71 38) (30 87) (61 96) (13 57) (4 62) (66 72) (29 22) (11 91) (6 60)
double 31 (9.68 9.3) (6.52 5.08) (0.5 7.35) (0.92 8.91) (5.98 6.53) (0.6 0.01) (3.48 2.56) (0.93 6.9) (3.54 7.69) (1.59 9.63) (7.83 4.89) (4.2 9.12) (1.01 1.39) (6.27 2.44) (0.97 0.61) (5.63 7.82) (1.1 9.33) (3.07 3.42) (5.32 8.76) (4.83 7.65) (2.05 4.91) (4.15 0.09) (4.46 3.23) (0.99 4.63) (4.04 3.32) (4.35 8.78) (8.06 6.19) (8.19 9.84) (8.49 8.13) (3.16 9.71) (3.37 8.66)
int 32 (76 76) (21 34) (47 92) (54 93) (1 25) (15 36) (56 20) (9 18) (81 20) (94 51) (21 75) (42 37) (76 89) (40 96) (66 87) (46 85) (68 75) (75 65) (74 37) (34 71) (63 61) (3 45) (45 78) (98 40) (54 82) (27 45) (49 60) (13 43) (5 61) (25 85) (53 88) (87 75)
int 33 (30 72) (97 83) (88 99) (48 6) (22 69) (14 75) (15 70) (49 92) (20 10) (79 71) (15 36) (64 60) (56 67) (56 78) (95 12) (50 98) (65 96) (54 36) (49 58) (97 21) (82 19) (10 1) (89 7) (9 46) (67 85) (15 39) (54 49) (61 6) (49 90) (11 94) (25 28) (56 28) (69 39)
bool 34 (0 1) (1 0) (0 0) (1 0) (1 1) (0 1) (1 0) (1 0) (0 0) (0 1) (0 1) (1 1) (0 1) (1 0) (0 1) (1 0) (1 0) (1 0) (0 0) (0 1) (1 0) (1 1) (1 0) (0 1) (1 0) (1 0) (1 0) (1 0) (0 1) (0 1) (1 1) (1 1) (1 1) (0 1)
int 35 (56 91) (2 21) (26 30) (34 25) (26 9) (21 24) (99 50) (43 79) (43 43) (98 96) (27 13) (99 88) (27 96) (72 60) (2 79) (11 12) (36 76) (64 2) (48 13) (29 11) (94 20) (11 73) (53 33) (19 6) (48 1) (19 37) (21 64) (60 81) (99 2) (13 9) (29 28) (95 61) (67 22) (55 15) (5 87)
bool 36 (0 1) (1 1) (0 1) (1 1) (0 1) (0 0) (0 1) (1 1) (0 0) (1 1) (1 1) (1 0) (0 1) (1 1) (1 0) (0 1) (0 1) (0 1) (0 1) (1 0) (0 0) (0 1) (1 0) (0 1) (1 1) (0 1) (0 0) (1 0) (0 0) (1 1) (1 1) (1 0) (0 0) (0 0) (0 1) (1 0)
int 36 (37 69) (51 3) (71 49) (13 48) (60 45) (8 91) (89 76) (17 20) (52 51) (49 58) (5 64) (59 7) (67 47) (29 88) (74 93) (49 53) (35 3) (88 93) (60 52) (78 18) (45 68) (89 92) (69 86) (13 8) (39 98) (10 50) (71 50) (18 6) (1 39) (30 92) (42 40) (88 20) (29 51) (10 31) (47 16) (76 70)
char 38 (d p) (i j) (l h) (j f) (e g) (l p) (e o) (i d) (d g) (e e) (i c) (h l) (t b) (k r) (s i) (e k) (p f) (m s) (i q) (s p) (o p) (d a) (k a) (d g) (b t) (q c) (l f) (f g) (g n) (o b) (b t) (n a) (p f) (h d) (a d) (j d) (l t) (l o)
bool 40 (0 1) (1 0) (1 1) (1 0) (1 0) (1 0) (1 0) (1 1) (1 0) (0 1) (1 0) (1 1) (0 1) (0 0) (1 1) (0 1) (0 1) (1 0) (1 1) (1 0) (0 1) (1 0) (0 1) (1 1) (1 0) (0 1) (1 0) (1 0) (0 0) (1 1) (0 0) (0 1) (0 0) (0 0) (1 1) (1 0) (0 1) (1 1) (1 0) (1 1)
bool 40 (1 0) (0 1) (0 1) (0 1) (0 0) (0 1) (0 1) (0 1) (1 0) (1 0) (0 0) (1 0) (1 1) (1 0) (1 1) (1 1) (0 0) (1 0) (1 1) (1 1) (0 0) (0 1) (1 1) (0 0) (1 0) (1 0) (1 1) (0 1) (1 0) (0 1) (1 1) (1 0) (0 1) (0 1) (0 0) (1 0) (0 1) (0 1) (0 1) (0 0)
double 41 (0.37 2.32) (4.52 0.71) (7.42 9.09) (0.79 7.63) (1.74 2.43) (8.25 6.24) (7.46 6.47) (6.22 2.59) (3.96 0.18) (2.92 5.23) (0.48 8.89) (0.61 0.36) (9.05 2.02) (9.56 2.85) (4.37 2.39) (4.85 5.24) (5.64 9.33) (9.88 0.31) (8.07 2.7) (7.24 0.52) (3.84 7.37) (3.59 4.82) (4.51 7.52) (2.93 3.81) (8.65 0.44) (1.13 0.17) (7.69 3.86) (8.12 1.85) (1.31 1.7) (1.26 2.88) (7.73 6.17) (1 1.33) (8.28 9.21) (6.56 7.16) (9.85 3.58) (2.08 5.59) (8.16 0.92) (8.19 4.24) (1.84 1.9) (6.02 9.21) (1.01 9.91)
char 41 (i r) (n f) (e i) (c n) (k i) (f i) (p d) (l r) (o k) (n d) (a d) (k b) (r i) (d n) (p l) (l p) (a p) (e o) (e b) (r f) (e t) (t b) (e c) (n k) (o a) (g f) (h j) (r d) (p j) (k a) (b c) (h l) (e e) (p m) (l k) (f g) (r o) (p o) (l p) (f i) (e k)
int 44 (38 15) (51 40) (22 81) (32 36) (91 99) (82 59) (79 41) (45 83) (48 55) (55 95) (54 36) (65 23) (95 85) (10 64) (29 21) (51 6) (78 24) (88 79) (6 33) (60 78) (5 27) (45 26) (90 80) (57 37) (72 72) (24 1) (72 76) (93 32) (48 60) (3 66) (51 7) (28 21) (42 85) (53 85) (86 87) (96 36) (99 38) (9 15) (73 35) (82 51) (34 32) (11 42) (76 15) (24 89)
int 45 (83 74) (24 79) (3 69) (51 64) (40 71) (43 30) (13 90) (54 64) (25 54) (49 42) (34 89) (94 94) (55 79) (22 18) (83 35) (23 29) (20 44) (47 11) (2 88) (36 30) (88 54) (93 39) (22 89) (70 5) (62 55) (48 65) (9 1) (28 91) (84 45) (68 67) (21 54) (74 71) (35 22) (68 42) (33 72) (55 85) (80 66) (16 18) (44 27) (88 64) (34 9) (80 8) (88 99) (36 48) (80 33)
double 46 (2.21 0.65) (7.17 9.16) (5.17 2.12) (9.81 7.62) (5.74 1.5) (4.23 6.1) (6.38 4.97) (3.35 2.81) (5.69 1.18) (3.54 0.5) (6.2 0.91) (6.95 5.8) (9.52 4.91) (7.91 8.05) (1.34 5.78) (6.14 6.13) (3.61 7.58) (9.67 5.79) (7.91 3.13) (2.03 1.47) (5.06 5.74) (1.94 7.25) (6.9 9.67) (2.95 6.58) (9.34 8.68) (3.75 5.52) (7.09 2.84) (1.78 7.21) (6.56 6.93) (6.32 5.04) (3.91 5.61) (2.21 8.66) (1.92 8.57) (9.01 9.55) (8.05 8.95) (2.8 0.96) (8.48 7.44) (9.23 9.45) (4.85 8.91) (2.59 0.53) (6.29 0.6) (3.68 3.79) (8.72 5.22) (5.64 4.48) (0.56 3.08) (5.07 7.52)
int 46 (4 26) (31 63) (55 98) (81 11) (84 37) (14 81) (4 34) (62 8) (15 45) (43 46) (98 10) (95 13) (86 86) (16 86) (37 87) (81 59) (53 67) (58 43) (86 69) (93 17) (28 79) (55 16) (99 33) (36 82) (27 73) (30 84) (79 89) (56 1) (74 24) (62 49) (36 91) (5 49) (99 3) (54 97) (44 17) (7 5) (61 52) (4 47) (55 92) (17 33) (2 35) (83 73) (50 26) (78 38) (59 16) (25 24)
double 46 (5.68 1.53) (7.74 6) (1.88 9.12) (1.14 0.43) (8.89 5.4) (0.94 9.7) (9.75 9.87) (0.69 1.58) (7.86 0.32) (2.81 8.4) (0.56 6.74) (5.77 1.91) (1.53 9.54) (3.53 6.76) (3.23 3.96) (2.96 1.08) (1.21 9.13) (7.28 0.88) (5.74 0.67) (8.54 3.2) (0.23 8.23) (0.61 0.13) (0.84 7.02) (2.4 0.12) (5.18 1.18) (0.77 7.9) (5.04 0.35) (0.23 1.73) (3.37 1.12) (7.33 6.69) (0.8 0.93) (5.74 7.39) (7.92 4.83) (8.06 5.74) (5.81 1.1) (3.02 3.29) (8.75 1.15) (3.3 5.49) (6.91 7.83) (5.22 3.61) (5.21 1.64) (5.93 2.48) (7.23 0.54) (7.36 8.87) (8.57 0.42) (0.22 1.3)
int 47 (61 37) (78 51) (5 43) (13 47) (45 53) (57 70) (79 98) (90 3) (81 96) (27 33) (47 90) (53 37) (97 98) (30 81) (38 86) (40 32) (96 47) (3 61) (58 89) (94 53) (1 66) (5 99) (16 39) (58 96) (9 32) (39 35) (76 45) (27 65) (94 78) (88 78) (2 29) (59 98) (66 7) (81 77) (8 87) (9 60) (43 18) (58 42) (20 58) (1 16) (49 80) (61 93) (16 48) (23 67) (25 51) (65 35) (97 5)
int 48 (65 6) (22 49) (7 30) (66 69) (37 10) (32 32) (12 50) (23 33) (76 7) (21 32) (42 82) (41 90) (18 64) (99 65) (58 78) (46 64) (71 32) (91 59) (30 15) (26 75) (50 55) (41 1) (91 59) (44 8) (61 32) (1 2) (6 50) (84 51) (60 36) (73 27) (68 28) (18 49) (4 51) (37 58) (31 16) (70 58) (51 63) (7 56) (19 38) (64 54) (78 36) (82 34) (84 15) (9 37) (75 1) (87 8) (20 34) (37 74)
char 49 (g c) (i s) (s r) (g p) (a h) (q r) (l k) (a o) (c t) (p t) (e h) (h n) (s f) (b q) (s e) (p e) (k p) (c h) (g l) (f k) (g f) (p p) (f l) (a t) (j q) (s r) (m j) (g q) (i m) (f h) (t o) (m d) (h o) (c c) (p i) (q h) (f n) (p l) (e s) (c d) (b h) (j g) (s i) (a p) (e a) (q h) (b j) (f j) (m l)
double 50 (8.07 5.55) (2.08 5.5) (6.21 2.53) (6.37 7.84) (3.74 9.02) (5.8 7.24) (3.19 1.08) (4.47 2.35) (7.3 2.99) (4.28 6.25) (0.47 3.16) (5.81 9.07) (0.36 6.35) (5.16 4.66) (6.04 2.41) (8.86 3.16) (8.91 8.83) (8.28 3.91) (4.01 8.08) (6.81 3.37) (1.02 5.6) (6.36 1.62) (5.66 1.2) (4.49 3.73) (0.73 0.64) (8.33 4.41) (0.27 3.62) (8.83 0.68) (5.63 1.03) (0.61 0.46) (6.12 3.09) (5.29 3.92) (4.19 3.26) (3.93 1.75) (1.06 9.25) (0.1 6.12) (9.32 2.59) (9.66 6.07) (5.63 3.3) (1.45 4.97) (2.16 5.42) (6.58 0.02) (0.39 5.12) (9.78 6.16) (2.34 8) (0.14 8.14) (7.62 4.81) (7.68 7.47) (3.34 4.67) (1.97 2.23)
char 51 (m k) (k g) (e s) (r e) (p p) (s e) (p k) (a c) (a s) (l i) (i k) (b h) (e d) (k a) (j a) (j i) (j i) (n r) (f c) (p i) (i g) (p e) (r r) (p g) (q b) (p l) (g i) (d d) (i o) (h c) (c j) (c i) (q f) (p l) (f t) (l l) (p h) (f f) (p g) (c l) (d c) (l j) (c g) (d c) (s g) (a a) (s j) (p p) (k d) (o m) (c e)
char 51 (b b) (h l) (c l) (i r) (i q) (k s) (i i) (f n) (s h) (k p) (g l) (i e) (c f) (l r) (s d) (l q) (k i) (o e) (n a) (t j) (o l) (s p) (i b) (e k) (f c) (o h) (b r) (f s) (t i) (d r) (a b) (a k) (j f) (l i) (p e) (o e) (r b) (l f) (h a) (q h) (p p) (l f) (n a) (c l) (j a) (h r) (p s) (e e) (h d) (d n) (k c)
double 51 (3.82 8.12) (0.72 4.14) (2.29 9.07) (5.32 4.82) (7.98 3.04) (7.01 3.23) (4.53 9.93) (0.07 2.12) (5.14 0.59) (6.62 7.93) (4.9 5.57) (9.96 6.04) (8.5 3.67) (0.29 6.22) (6.9 7.3) (6.14 8.74) (3.54 2.23) (0.75 9.04) (7.89 9.19) (8.58 8.46) (0.99 5.55) (4.75 0.19) (4.19 7.86) (8.6 2.04) (5.09 8.93) (2.08 8.71) (3.44 4.61) (9.93 3.98) (0.84 2.01) (7.45 8.43) (7.56 6.97) (4.69 7.68) (8.62 1.01) (0.33 6.09) (0.86 2.29) (9.95 0.9) (2.95 0.74) (5.64 3.81) (2.91 3) (3.9 2.78) (8.14 6.71) (3.63 9.67) (3.08 6.83) (1.21 4) (5.4 6.6) (7.21 7.18) (2.79 4.59) (3.04 3.92) (9.99 1.83) (3.89 4.12) (5.1 0.53)
int 51 (93 48) (6 50) (80 92) (90 90) (19 10) (25 31) (39 38) (55 68) (33 83) (48 10) (50 16) (73 20) (27 67) (93 56) (86 59) (75 34) (27 26) (74 89) (5 34) (54 39) (46 25) (53 25) (13 84) (44 26) (78 23) (15 47) (15 44) (87 66) (36 26) (10 15) (30 75) (89 89) (63 55) (42 40) (15 44) (96 97) (36 18) (12 91) (5 47) (8 56) (39 78) (47 82) (13 9) (61 84) (35 86) (12 78) (49 86) (15 61) (97 89) (3 48) (26 17)
int 52 (18 36) (48 70) (90 96) (55 1) (30 95) (35 28) (83 26) (74 59) (72 49) (6 44) (20 31) (68 95) (4 40) (51 17) (54 11) (50 63) (56 38) (60 39) (71 95) (93 67) (33 84) (84 16) (80 79) (44 27) (87 61) (29 36) (80 6) (37 30) (69 94) (75 83) (38 14) (67 76) (91 78) (27 80) (84 47) (27 69) (21 4) (39 96) (60 70) (74 20) (78 13) (80 5) (6 80) (3 52) (38 62) (47 63) (17 38) (56 9) (50 96) (25 85) (67 17) (25 66)
int 53 (40 50) (32 49) (8 29) (1 22) (45 16) (52 58) (52 15) (58 34) (39 62) (92 58) (59 98) (24 73) (76 43) (26 26) (34 33) (76 69) (87 91) (11 17) (97 40) (65 21) (41 71) (1 93) (58 99) (44 27) (50 31) (96 67) (64 17) (6 90) (80 80) (27 97) (9 22) (16 72) (6 41) (19 37) (26 20) (91 13) (73 47) (46 58) (46 82) (28 89) (72 97) (84 44) (4 47) (26 22) (67 15) (69 43) (80 53) (22 71) (24 96) (87 92) (72 17) (8 53) (82 73)
int 54 (36 28) (94 78) (53 67) (9 61) (72 11) (88 78) (93 89) (96 65) (67 91) (31 80) (31 3) (71 87) (95 77) (88 95) (75 57) (87 29) (20 89) (42 32) (4 92) (35 57) (76 39) (32 47) (79 42) (16 14) (84 17) (97 65) (35 52) (2 50) (31 34) (54 31) (4 20) (16 82) (78 33) (58 35) (5 20) (36 12) (78 11) (17 97) (73 41) (20 34) (7 53) (72 62) (32 4) (60 25) (35 86) (95 76) (21 48) (83 16) (13 74) (12 4) (23 89) (17 85) (64 32) (14 47)
char 55 (j i) (a d) (p p) (a r) (n l) (i k) (m t) (l b) (m f) (s q) (e j) (i i) (p j) (j p) (p k) (a o) (r l) (m t) (m b) (k l) (r q) (a o) (n s) (a m) (g c) (g d) (k e) (d o) (t f) (g q) (r f) (g q) (g f) (l q) (p g) (t k) (h m) (n q) (t h) (e k) (m d) (c b) (l t) (d b) (j q) (m d) (n a) (b m) (b m) (a r) (n a) (g m) (i q) (a i) (l q)
char 57 (c g) (q h) (t m) (h m) (s m) (j s) (q s) (f n) (l s) (g g) (t n) (r e) (p p) (i c) (k j) (i k) (s k) (i m) (c f) (g n) (g f) (m q) (i m) (p d) (d n) (o t) (o m) (g f) (e k) (t m) (g e) (a i) (j n) (l h) (d k) (r j) (l l) (q c) (r d) (d o) (q c) (t a) (a c) (d h) (f m) (h n) (e s) (q c) (c m) (i m) (t c) (r n) (q h) (i a) (g q) (q b) (k h)
char 60 (g c) (g g) (m o) (a p) (a c) (r r) (o j) (f p) (l t) (r l) (d h) (f t) (m i) (c p) (a p) (k m) (s n) (e d) (e g) (l t) (p q) (e g) (m o) (l r) (f h) (a d) (h b) (k d) (a s) (q r) (p d) (h p) (f b) (m m) (r h) (q j) (t m) (e l) (c l) (i n) (r e) (i k) (q k) (n f) (f a) (g t) (r j) (o s) (k f) (c a) (r a) (f r) (q s) (k t) (m g) (a h) (r k) (n i) (m e) (k t)
int 61 (58 59) (61 29) (46 32) (10 24) (7 90) (85 6) (75 51) (85 15) (23 53) (43 91) (96 85) (40 62) (40 37) (1 18) (38 52) (11 94) (13 11) (20 82) (16 12) (52 89) (42 74) (65 49) (10 40) (22 60) (49 51) (70 36) (84 7) (64 93) (2 84) (46 30) (96 74) (23 57) (11 82) (91 91) (98 51) (6 26) (72 68) (22 85) (35 67) (11 22) (25 95) (5 90) (82 33) (73 72) (38 76) (74 5) (66 72) (28 16) (91 74) (5 78) (24 41) (75 67) (44 70) (54 10) (56 96) (39 81) (26 58) (22 2) (48 92) (15 38) (70 3)
char 61 (f o) (r i) (r s) (i d) (k k) (d r) (l b) (j r) (f h) (q o) (l h) (m g) (s o) (b g) (r a) (h o) (m m) (m k) (f h) (f b) (s d) (d q) (c l) (n p) (b d) (s d) (r i) (j k) (l j) (g g) (n a) (d d) (g d) (i i) (c l) (a l) (g g) (p o) (b i) (e g) (f i) (l d) (c i) (d s) (k o) (f k) (b o) (q j) (i k) (i q) (q q) (e e) (n j) (t r) (k a) (c j) (h s) (i j) (h o) (c r) (j m)
bool 63 (0 1) (0 1) (0 0) (1 1) (0 1) (1 0) (1 1) (0 1) (1 0) (1 1) (0 1) (0 1) (1 0) (1 1) (0 0) (1 1) (0 1) (0 0) (0 0) (0 1) (0 1) (1 1) (0 0) (1 1) (0 1) (1 1) (1 0) (1 1) (1 0) (1 1) (0 0) (1 0) (0 1) (0 1) (0 1) (1 1) (1 0) (0 0) (1 1) (0 0) (1 0) (1 0) (0 1) (0 1) (1 1) (0 0) (0 1) (1 0) (1 1) (1 1) (0 0) (0 1) (1 1) (0 1) (1 1) (0 1) (1 0) (1 1) (0 1) (0 1) (0 1) (1 0) (0 1)
bool 63 (0 0) (0 1) (0 1) (1 0) (1 1) (1 1) (1 0) (1 1) (1 1) (0 0) (1 0) (0 0) (1 0) (0 1) (1 1) (1 0) (1 1) (1 0) (0 0) (0 1) (1 0) (1 0) (1 1) (0 1) (1 0) (1 0) (0 1) (0 0) (1 0) (0 1) (1 0) (1 0) (0 0) (0 0) (1 0) (1 0) (0 0) (0 1) (1 1) (1 1) (1 1) (0 0) (1 0) (0 0) (1 0) (0 0) (0 1) (0 0) (1 1) (1 0) (1 1) (1 1) (1 0) (0 1) (0 1) (1 1) (0 0) (0 1) (1 1) (1 1) (1 1) (1 1) (0 1)
double 64 (1.22 7) (4.8 4.09) (7.51 0.86) (1.16 3.5) (4.43 0.14) (2.81 5.27) (9.9 8.08) (4.77 4.56) (7.13 8.63) (6.3 3.72) (1.23 0.9) (1.89 1.43) (5.92 4.72) (1.47 1.12) (9.89 4.48) (4.1 7.72) (5.11 5.07) (3.23 1.81) (6.23 6.22) (3.91 3.89) (7.86 5.11) (1.82 7.73) (4.69 6.19) (8.21 2.5) (8.68 4.35) (2.49 4.87) (7.02 8.02) (6.4 2.26) (1.51 2.95) (2.34 9.64) (1.3 5.04) (5.98 7.09) (3.88 3.2) (4.96 8.61) (5.94 6.56) (6.62 2.01) (7.2 5.27) (0.97 0.15) (2.23 0.46) (5.22 8.12) (0.21 3.79) (0.4 9.85) (1.27 5.08) (6.75 9.86) (2.66 1.21) (1.09 3.02) (7.89 8.09) (8.93 0.48) (8.16 7.44) (4.82 3.32) (3.13 2.94) (0.2 4.06) (7.41 3.96) (0.55 7.15) (2.16 1.35) (3.04 7.31) (7.46 5.96) (4.9 0.05) (1 3.84) (2.04 1.26) (0.2 7.11) (4 9.93) (9.98 5.76) (7.81 1.23)
bool 65 (0 1) (0 0) (0 1) (1 1) (0 1) (0 0) (0 1) (1 1) (1 1) (0 0) (1 1) (0 1) (0 1) (1 1) (1 1) (1 1) (0 1) (0 0) (1 0) (0 0) (0 1) (0 1) (1 1) (1 1) (1 0) (1 1) (0 0) (1 1) (1 0) (0 1) (0 0) (0 1) (0 1) (1 1) (0 1) (0 0) (0 0) (0 1) (0 0) (0 0) (0 1) (0 1) (1 1) (0 1) (1 0) (0 1) (1 0) (1 0) (1 0) (0 1) (0 0) (1 1) (0 1) (0 0) (1 1) (1 0) (1 1) (0 0) (1 1) (0 0) (0 1) (1 0) (0 1) (0 1) (0 0)
int 66 (7 49) (50 78) (40 35) (75 7) (22 93) (21 11) (64 30) (85 76) (84 93) (25 24) (33 97) (27 71) (2 98) (75 72) (21 12) (36 23) (21 76) (30 75) (42 55) (41 16) (72 23) (32 88) (91 10) (5 4) (22 39) (48 8) (27 44) (60 62) (63 95) (54 20) (40 38) (87 78) (50 71) (36 95) (87 43) (38 78) (52 11) (69 91) (40 93) (12 86) (96 91) (43 85) (73 31) (84 96) (88 55) (69 58) (20 84) (10 81) (15 99) (34 27) (70 55) (88 80) (6 76) (35 80) (87 61) (71 46) (91 65) (78 25) (78 92) (17 93) (98 84) (76 15) (13 89) (33 58) (99 78) (46 42)
int 67 (67 8) (99 37) (57 68) (21 60) (4 33) (37 84) (66 32) (54 95) (56 54) (73 57) (3 75) (25 19) (20 98) (2 54) (91 66) (69 55) (74 25) (53 23) (37 19) (13 91) (59 49) (75 53) (89 50) (66 54) (48 18) (54 95) (12 89) (25 87) (72 94) (92 4) (26 32) (73 24) (54 50) (23 88) (24 97) (93 11) (56 34) (50 30) (82 42) (87 89) (19 25) (33 72) (23 68) (14 71) (25 63) (68 9) (33 54) (5 77) (67 60) (6 80) (44 15) (7 47) (24 60) (39 7) (77 98) (80 9) (15 45) (89 84) (91 73) (63 80) (83 54) (90 15) (84 61) (32 77) (25 2) (97 50) (27 70)
char 70 (q r) (j g) (g p) (m o) (p c) (c c) (c q) (f o) (m m) (s h) (e c) (j h) (d q) (n o) (p h) (c i) (n k) (n g) (i d) (b o) (k s) (i d) (h h) (h f) (c i) (a h) (b e) (g k) (f r) (b t) (s d) (h r) (q a) (d i) (t a) (f t) (m i) (p c) (c m) (n i) (d o) (d r) (d r) (g n) (m r) (a k) (a o) (l o) (b j) (c s) (t t) (q a) (c l) (j m) (a l) (j c) (r o) (a k) (k p) (t a) (k r) (c t) (p j) (j q) (n e) (b q) (r f) (q j) (a l) (q c)
double 71 (2.03 6.93) (0.29 3.89) (6.21 0.97) (6.34 9.76) (9.35 7.24) (4.54 7.72) (4.85 2.16) (3.86 3.13) (8.17 6.86) (4.68 8.99) (8.46 3.72) (6.63 8.79) (8.75 4.12) (2.91 7.28) (7.72 5.48) (7.77 0.25) (7.12 0.5) (4.56 0.34) (4.63 0.8) (1.22 4.14) (1.38 9.95) (6.95 3.45) (0.25 2.4) (2.92 6.67) (0.2 3.76) (1.52 9.07) (7.64 1.89) (8.58 1.21) (1.41 4.78) (8.5 3.44) (6.49 7.33) (4.27 8.16) (4.66 8.67) (1.06 8.39) (2.66 8.8) (6.02 7.54) (2.38 4.59) (2.27 4.88) (0.95 0.96) (6.49 4.57) (9.25 6.86) (5.15 2.04) (2.65 0.15) (5.26 4.16) (1 1.24) (9.05 0.41) (6.79 7.45) (3.58 6.76) (6.31 3.17) (6.65 9.55) (2.9 3.69) (7.6 7.03) (1.74 9.43) (4.71 7.76) (4.68 9.64) (6.48 2.82) (9.59 1.13) (8.03 3.79) (6.86 6.34) (9.85 0.68) (4.14 6.76) (6.31 6.31) (5.95 3.53) (4.32 0.6) (9.39 1.17) (8.87 6.91) (8.27 7.96) (5.96 9.42) (6.63 7.51) (0.55 3.24) (1.8 2.36)
double 72 (5.53 0.87) (2.82 9.17) (0.89 4.23) (8.79 4.77) (4.66 4.03) (9.23 5.53) (0.87 4.61) (4.41 8.09) (5.31 6.44) (9.33 7.72) (8.18 3.7) (0.69 5.14) (4.12 6.9) (9.99 6.78) (6.15 7.9) (9.98 1.94) (6.69 1.1) (6.25 2.5) (2.93 7.08) (6.64 1.47) (7.25 0.04) (3.68 5.49) (4.3 8.67) (4.83 0.9) (6.78 3.92) (0.97 1.58) (8.81 4.24) (0.82 2.86) (9.23 3.48) (2.76 9.67) (6.77 9.34) (3.37 2.01) (6.88 9.77) (8.67 4.94) (8.33 8.82) (1.79 8.03) (4.14 4.3) (8.19 0.91) (5.98 8.14) (4.46 8.22) (2.57 5.98) (6.07 5.76) (2.73 3.87) (9.18 2.9) (7.64 4.96) (0.5 4.69) (3.12 6.05) (5.94 0.13) (4.27 4.58) (2.74 4.37) (2.28 0.38) (1.86 4.22) (9.36 3.83) (2.74 5.49) (6.82 7.86) (6.66 9.39) (8.01 6.23) (9.33 4.3) (0.51 5.41) (7.29 7.07) (8.28 3.53) (6.72 1.66) (7.02 0.7) (9.95 4.65) (9.59 1.87) (1.31 6.55) (8.81 6.32) (2.05 6.27) (3.8 8) (0.01 3.97) (1.56 5.14) (4.49 8.12)
int 72 (68 42) (22 45) (38 66) (4 58) (71 50) (50 84) (97 77) (11 60) (82 25) (23 55) (1 97) (82 62) (44 28) (36 55) (43 42) (80 34) (29 48) (83 64) (25 54) (71 92) (72 86) (97 90) (48 34) (44 76) (84 98) (4 24) (99 46) (43 51) (91 72) (21 56) (57 72) (30 2) (36 60) (74 75) (30 50) (53 29) (52 52) (84 66) (87 16) (79 26) (51 14) (55 32) (81 81) (60 37) (52 47) (75 10) (49 10) (10 46) (16 37) (6 85) (16 65) (67 90) (93 71) (96 43) (5 14) (36 46) (2 55) (18 9) (86 80) (40 1) (46 55) (48 39) (25 42) (29 64) (92 15) (5 19) (1 77) (81 2) (1 82) (13 20) (49 76) (2 83)
bool 73 (1 0) (1 0) (1 1) (0 1) (1 0) (0 1) (0 0) (0 0) (1 1) (1 0) (0 0) (0 1) (1 0) (0 1) (0 0) (1 1) (1 1) (0 1) (0 0) (1 0) (1 1) (0 1) (1 1) (0 1) (0 0) (0 1) (1 0) (0 0) (1 0) (0 1) (1 0) (0 0) (0 1) (1 1) (0 0) (1 1) (0 1) (0 1) (1 0) (0 0) (1 1) (1 1) (0 1) (0 1) (0 1) (0 0) (0 1) (0 0) (0 1) (0 1) (1 0) (1 0) (1 0) (0 1) (0 0) (1 1) (0 0) (0 1) (1 1) (0 1) (0 0) (0 1) (0 0) (1 1) (0 1) (1 1) (1 0) (1 1) (0 0) (0 0) (0 1) (1 0) (0 1)
char 74 (m e) (j g) (n f) (f c) (i h) (t c) (s s) (i g) (o p) (j d) (t c) (f k) (f r) (s q) (m q) (s h) (e n) (b o) (i k) (f p) (c m) (k n) (j o) (d n) (q j) (k a) (e k) (n g) (e s) (c a) (j r) (s b) (c o) (r t) (l m) (d q) (k f) (g f) (k t) (q c) (e j) (g g) (h e) (s a) (i t) (s s) (e o) (b g) (l j) (e e) (r n) (o t) (s b) (i b) (c a) (m s) (b d) (o l) (r f) (p b) (d l) (q s) (o o) (d c) (a j) (o l) (l d) (g c) (p i) (t e) (d m) (e k) (e p) (e a)
char 75 (p g) (m m) (k p) (n k) (i l) (s h) (i g) (q e) (d e) (d a) (t t) (q q) (n f) (o i) (l l) (t f) (k h) (n a) (c r) (i o) (m t) (l r) (m m) (d a) (b i) (o q) (j h) (p e) (f o) (f o) (e t) (m a) (q d) (t b) (c k) (p b) (k e) (i q) (q o) (s a) (f m) (a m) (f g) (g j) (h f) (c t) (a p) (j m) (m f) (m t) (f j) (t q) (h e) (t b) (e n) (d d) (p f) (j s) (r t) (p m) (a l) (c o) (a t) (k k) (d k) (h r) (r f) (k o) (l d) (e t) (k c) (e n) (h l) (b d) (a a)
char 75 (d j) (t r) (s n) (s r) (j t) (s i) (s l) (o c) (q j) (k q) (m k) (a b) (q m) (g i) (d c) (r m) (o p) (p f) (n c) (k r) (i o) (l a) (b f) (h s) (n l) (n r) (j t) (a c) (t d) (p a) (r j) (h c) (j s) (b q) (p p) (l i) (d t) (j e) (r n) (e k) (h a) (m k) (t l) (b l) (p k) (c j) (c r) (o s) (b f) (r n) (q k) (g s) (n l) (i k) (g l) (b i) (r n) (a i) (o o) (s p) (m q) (f p) (e m) (h b) (m a) (b a) (f q) (b c) (h q) (s r) (l c) (l f) (o k) (k f) (d i)
int 77 (68 34) (62 4) (38 17) (60 14) (40 87) (49 71) (42 67) (41 60) (96 33) (98 57) (16 4) (10 61) (88 31) (91 41) (64 39) (72 19) (89 86) (28 1) (53 97) (63 44) (72 15) (5 43) (67 94) (25 46) (7 22) (47 69) (20 55) (5 34) (83 40) (85 31) (68 18) (40 88) (30 7) (59 11) (17 35) (17 18) (42 35) (69 29) (99 73) (21 44) (70 43) (9 21) (72 21) (70 44) (30 93) (42 55) (84 87) (79 98) (17 75) (83 55) (14 56) (25 33) (16 13) (17 16) (10 42) (84 62) (30 90) (13 42) (46 17) (63 77) (47 20) (87 53) (60 98) (50 35) (97 18) (33 52) (99 18) (20 90) (96 77) (60 81) (15 52) (61 66) (85 30) (89 45) (78 3) (65 76) (90 67)
int 80 (22 61) (63 93) (58 72) (98 9) (51 25) (94 44) (68 95) (23 88) (83 54) (90 52) (66 6) (96 59) (68 68) (81 94) (50 5) (67 22) (54 10) (5 35) (53 97) (84 66) (12 81) (37 10) (67 22) (23 99) (16 75) (42 54) (69 20) (81 8) (3 71) (86 69) (13 33) (64 48) (60 32) (90 10) (17 77) (66 95) (99 50) (54 10) (69 8) (66 15) (88 22) (43 30) (48 64) (70 14) (56 81) (21 21) (30 78) (68 76) (22 93) (12 75) (91 76) (51 83) (82 68) (99 31) (10 79) (38 14) (49 17) (58 39) (18 48) (32 82) (9 31) (84 6) (44 50) (98 64) (97 12) (71 87) (33 55) (3 8) (68 96) (94 30) (24 37) (83 21) (12 69) (84 38) (13 56) (98 2) (35 8) (99 15) (46 67) (2 24)
int 83 (69 99) (97 49) (14 99) (24 56) (77 79) (65 30) (79 91) (82 98) (73 74) (3 46) (66 40) (55 11) (44 91) (68 55) (69 91) (45 36) (30 72) (4 49) (70 15) (40 44) (64 40) (65 77) (26 93) (76 52) (20 58) (79 32) (59 25) (30 59) (87 5) (65 24) (22 25) (55 19) (62 52) (49 22) (96 26) (57 73) (28 46) (8 6) (43 37) (14 5) (42 92) (62 36) (79 47) (36 50) (87 39) (38 69) (60 80) (6 98) (12 54) (28 86) (83 34) (89 24) (11 56) (54 66) (14 92) (22 34) (80 2) (4 20) (23 51) (31 11) (35 96) (94 94) (44 84) (95 79) (65 30) (76 29) (63 99) (79 94) (41 55) (74 1) (74 44) (18 69) (2 25) (75 6) (60 14) (87 25) (81 76) (57 33) (9 28) (91 18) (35 6) (63 92) (31 60)
bool 84 (1 0) (1 0) (1 0) (1 0) (0 0) (0 1) (1 0) (1 1) (1 0) (1 1) (0 0) (0 1) (0 0) (1 1) (1 1) (0 0) (0 1) (0 0) (0 1) (0 0) (0 0) (1 0) (0 1) (0 1) (0 1) (1 1) (0 0) (1 1) (1 1) (1 0) (1 1) (0 0) (0 0) (1 0) (1 0) (1 1) (0 0) (1 0) (0 1) (0 0) (1 0) (0 0) (1 1) (1 1) (0 1) (0 1) (0 0) (1 0) (0 0) (1 0) (1 0) (0 0) (0 1) (1 0) (1 0) (1 0) (1 0) (0 0) (0 1) (0 1) (1 1) (1 0) (1 0) (0 1) (1 0) (0 1) (1 1) (1 1) (1 1) (1 1) (1 1) (1 1) (0 0) (0 1) (0 0) (0 1) (0 0) (0 1) (1 1) (1 0) (1 0) (0 1) (1 0) (0 1)
char 84 (h m) (g n) (e r) (t m) (m e) (i r) (j f) (i o) (o e) (l c) (g f) (l d) (g l) (l e) (l q) (p t) (i i) (c n) (h g) (g e) (m d) (f o) (b l) (e k) (m c) (s o) (j j) (e t) (s o) (l n) (r t) (r e) (n n) (o g) (h g) (n f) (s n) (m k) (f t) (g h) (h l) (p i) (b c) (q b) (h f) (h l) (f t) (k f) (t o) (f i) (s g) (c t) (j o) (n m) (t k) (b f) (m e) (e h) (h n) (n o) (g e) (s g) (m f) (f p) (j t) (p m) (p b) (a q) (f g) (h o) (e i) (n p) (i n) (a r) (n s) (h p) (r i) (k g) (m j) (j e) (g f) (d i) (l g) (e m)
bool 88 (0 1) (1 0) (1 0) (1 0) (0 1) (1 1) (0 1) (0 0) (1 1) (0 1) (1 0) (1 1) (1 1) (1 0) (0 0) (1 0) (1 1) (0 0) (1 1) (0 0) (0 0) (1 1) (0 0) (0 1) (1 1) (1 0) (0 0) (0 0) (1 1) (1 1) (0 0) (0 1) (0 1) (0 1) (0 0) (1 1) (1 1) (0 1) (0 0) (1 1) (1 0) (0 1) (1 0) (1 0) (1 1) (1 1) (1 0) (0 0) (1 1) (1 0) (1 0) (1 1) (0 1) (0 0) (1 0) (1 1) (1 1) (0 1) (0 1) (0 0) (1 0) (1 1) (1 1) (0 0) (0 1) (0 0) (1 0) (0 1) (0 0) (1 0) (1 1) (1 0) (1 1) (1 0) (1 1) (0 0) (1 1) (0 0) (1 0) (1 1) (0 1) (1 1) (0 0) (1 1) (1 1) (1 0) (1 1) (1 0)
char 89 (c b) (j l) (f g) (g r) (a i) (q t) (i c) (i s) (b j) (o g) (p d) (m n) (q d) (m k) (l k) (g i) (g m) (b o) (g q) (r m) (d p) (m j) (i l) (n r) (m k) (a p) (h q) (n g) (p g) (b c) (o s) (j t) (e d) (n d) (h p) (b n) (p i) (e f) (j o) (b t) (k d) (q t) (n n) (k j) (d l) (g l) (g p) (i a) (r r) (f t) (m i) (i n) (e f) (b s) (l j) (k r) (p t) (l i) (s t) (q c) (i m) (n s) (l n) (e l) (h h) (t h) (l f) (a p) (r s) (g s) (f q) (b d) (s t) (p k) (r n) (i i) (s g) (i a) (o l) (f e) (i c) (d o) (p d) (l t) (b d) (h c) (e s) (i t) (f b)
double 90 (9.02 6.09) (8.65 6.58) (2.74 8.03) (5.36 9.75) (3.77 6.59) (8.31 2.48) (5.22 5.15) (8.77 7.71) (0.82 0.59) (0.96 0.22) (5.4 7.25) (1.57 6.55) (9.82 7.37) (6.87 3.42) (8.32 0.89) (1.37 0.26) (7.46 9.19) (6.46 3.56) (8.52 3.29) (6.34 0.12) (3.4 1.58) (8.01 2.11) (1.03 8.14) (4.67 3.73) (5.47 8.07) (1.34 1.23) (6.81 9.55) (5.53 9.6) (9.99 7.4) (1.17 2.47) (8.75 2.7) (4.01 3.69) (3.93 0.63) (1.26 9.98) (8.92 2.09) (5.68 7.29) (2.34 7.28) (4.99 1.86) (1.73 6.18) (2.35 0.23) (5.03 2.6) (8.26 1.38) (3.38 7.58) (7.78 3.84) (7.4 9.91) (8.45 0.04) (6.9 2.84) (7.93 1.18) (3.58 2.92) (1.46 5.25) (4.15 2.16) (2.73 9.37) (9.96 9.39) (4.85 1.84) (0.66 0.05) (6.68 9.62) (5.08 2.15) (3.3 7.16) (9.09 1.51) (8.87 8.37) (5.03 8.98) (4.89 4.06) (7.19 0.18) (2.57 5.1) (3.52 9.17) (0.47 2.37) (0.23 1.87) (5.41 1.14) (6.2 3.9) (7.92 6.34) (2.86 8.67) (3.89 3.18) (6.04 9.17) (5.96 2.15) (1.45 9.46) (1 8.62) (3.96 7.4) (3.68 7.95) (6.63 4.15) (8.28 0.44) (9.29 9.61) (1.53 1.85) (0.05 0.02) (7.51 8.87) (4.07 7.53) (8.33 9.48) (2.51 2.84) (8.74 9.64) (2 4.94) (6.94 1.78)
char 91 (f l) (e r) (k o) (n d) (j l) (l d) (t a) (i l) (f m) (l l) (e m) (h o) (f g) (c q) (p m) (e c) (p h) (a p) (o s) (m e) (m s) (m h) (t k) (j r) (h t) (t d) (a p) (n j) (f d) (m e) (s f) (m l) (f j) (e h) (p j) (h r) (d s) (q b) (l c) (j q) (j a) (e l) (f l) (m r) (j h) (j c) (g m) (i g) (i h) (s h) (p r) (i a) (d l) (j r) (f m) (h l) (p r) (c s) (f b) (p g) (m o) (t n) (e a) (e i) (e o) (f t) (f b) (b o) (f i) (s g) (l i) (f q) (g d) (o r) (m n) (b b) (d s) (n t) (l b) (f a) (c p) (r d) (b r) (b i) (m k) (c e) (m p) (o d) (s c) (d o) (d q)
double 93 (4.31 6.46) (3.94 6.34) (7.87 1.35) (7.26 7.3) (7.41 9.34) (7.44 7.22) (4.42 9.13) (4.89 4.28) (6.51 0.3) (9.08 7.94) (7.89 3.31) (6.26 7.58) (6.67 2.66) (7.2 7.6) (3.44 3.68) (8.36 1.85) (3.98 1.3) (4.83 1.02) (9.72 5.63) (6.12 9.4) (7.32 0.88) (3.03 1.55) (4.09 1.99) (3.17 0.04) (1.64 5.24) (0.45 5.82) (7.45 4.78) (5.64 1.03) (2.38 5.2) (8.91 8.16) (2.91 7.14) (8.86 7.11) (6.01 9.89) (9.13 9.12) (0.28 0.12) (5.34 9.84) (1.55 1.2) (4.95 3.72) (1.45 2.5) (3.49 8.39) (9.07 9.62) (4.09 5.96) (6.29 1.02) (3.67 9.2) (6.73 5.24) (7.23 0.24) (1.04 9.34) (3.29 4.07) (7.25 4.52) (5.2 5.08) (7.23 9.45) (7.55 8.21) (9.81 9.28) (9.58 1.01) (8.94 0.26) (0.42 3.75) (2.64 4.97) (9.52 6.81) (3.66 1.96) (2.01 0.38) (3.35 5.95) (3.06 8.45) (6.85 2.18) (2.35 6.68) (2.35 8.98) (0.65 1.26) (8.88 9.91) (4.61 2.91) (4.33 4.88) (7.52 7.75) (7.44 5.21) (8.75 5.78) (8.03 7.86) (1.98 8.17) (8.91 7.24) (2.47 4.25) (3.29 7.86) (2.07 7.34) (5.09 8.87) (0.37 9.7) (6.94 7.29) (7.26 0.57) (8.41 4.97) (9.12 5.44) (0.36 5.9) (5.41 1.48) (5.62 8.69) (6.6 7.64) (7.52 1.82) (9.28 9.8) (3.87 2.8) (2.33 9.29) (0.68 1.44)
int 94 (1 16) (30 42) (80 61) (51 38) (84 19) (58 73) (11 57) (92 22) (85 90) (86 67) (52 33) (99 80) (7 35) (67 79) (99 7) (93 50) (90 12) (20 90) (88 58) (46 74) (59 29) (6 52) (8 60) (32 80) (73 98) (97 86) (79 42) (93 20) (65 96) (39 33) (22 52) (67 21) (67 49) (76 83) (72 52) (48 94) (68 27) (30 46) (17 17) (47 11) (67 37) (13 92) (73 71) (96 81) (74 28) (87 60) (38 8) (65 37) (97 54) (86 70) (28 53) (1 74) (53 80) (23 78) (92 14) (14 56) (42 61) (29 74) (42 82) (22 35) (34 78) (30 94) (24 7) (42 54) (67 17) (20 59) (52 33) (23 12) (50 9) (57 10) (84 77) (46 40) (47 13) (93 90) (92 78) (98 12) (19 8) (33 33) (39 67) (51 70) (87 31) (97 30) (14 34) (98 25) (82 35) (43 5) (29 56) (78 42) (75 45) (14 58) (33 48) (2 70) (20 41) (68 26)
bool 95 (0 0) (0 1) (1 1) (1 0) (0 1) (1 1) (0 0) (1 0) (0 0) (1 0) (1 0) (1 1) (0 1) (0 0) (0 1) (1 1) (0 1) (0 1) (0 1) (1 0) (0 1) (0 0) (1 0) (0 1) (1 0) (0 1) (1 0) (1 1) (1 1) (1 0) (0 1) (0 0) (1 0) (0 0) (1 1) (0 1) (0 1) (1 1) (0 0) (0 0) (0 1) (1 0) (0 0) (1 0) (0 0) (1 0) (0 0) (0 0) (1 1) (1 1) (0 1) (1 0) (0 1) (0 0) (1 1) (0 0) (0 0) (0 1) (1 1) (0 1) (1 1) (0 0) (1 1) (1 1) (0 0) (0 0) (1 1) (1 1) (1 0) (0 0) (1 0) (0 0) (1 0) (0 0) (1 0) (0 1) (1 0) (1 1) (0 1) (0 0) (1 1) (0 1) (1 0) (0 0) (0 0) (1 1) (1 0) (1 0) (0 1) (0 1) (1 0) (1 1) (0 1) (0 1) (0 1)
bool 95 (1 1) (0 0) (0 1) (1 1) (1 1) (0 0) (1 0) (1 1) (1 1) (0 0) (1 0) (1 1) (0 0) (1 1) (0 1) (1 0) (1 0) (0 1) (0 0) (1 0) (0 0) (0 0) (1 0) (0 1) (0 1) (1 0) (1 0) (0 0) (0 0) (1 1) (1 1) (0 0) (1 0) (1 0) (1 1) (1 0) (0 0) (1 0) (0 0) (1 0) (0 0) (1 0) (1 0) (0 1) (0 0) (0 0) (1 1) (0 0) (1 0) (0 1) (0 1) (1 0) (1 1) (0 1) (0 1) (1 0) (0 0) (0 0) (1 1) (1 0) (0 1) (1 1) (0 1) (1 0) (0 0) (0 0) (1 0) (0 1) (1 0) (0 0) (0 0) (0 0) (1 1) (1 1) (1 1) (0 1) (0 1) (0 0) (1 0) (0 0) (0 1) (1 1) (0 0) (1 1) (1 1) (1 0) (0 1) (0 0) (0 1) (0 0) (1 1) (0 0) (0 1) (0 0) (1 0)
double 95 (2.32 2.55) (6.4 5.08) (2.33 1.3) (2.71 3.58) (6.36 4.11) (4.02 0.99) (2.32 4.74) (6.86 7.22) (7.47 8.45) (4.77 5.69) (0.53 4.33) (0.97 9.31) (6.39 7.67) (2.38 8.96) (8.38 4.53) (4.68 9.1) (0.64 6.68) (2.03 5.71) (4.99 3.42) (7.41 7.84) (0.87 5.25) (1.71 8.03) (8.85 7.26) (6.04 7.69) (8.8 6.88) (6.2 5.34) (4.36 1.53) (1.75 1.39) (3.07 2.73) (0.5 7.27) (6.87 3.28) (5.07 1.92) (4.67 9.47) (4.53 2.87) (6.63 0.74) (5.17 1.26) (7.89 9.36) (4.43 7.3) (7.56 8.36) (6.17 1.9) (5.44 9.73) (7.12 1.02) (3.95 9.83) (7.91 0.06) (9.9 2.98) (1.32 3.54) (7.17 6.81) (1.1 3.26) (4.22 2.07) (6.2 6.4) (4.55 4.8) (6.53 6.13) (3.53 8.09) (2.38 0.52) (4.76 9.03) (8.15 3.35) (5.54 0.73) (0.95 1.93) (9.24 7.38) (3.48 5.3) (8.55 5.02) (3.4 5.04) (9.61 9.59) (2.22 3.37) (2.4 1.31) (7.94 7.63) (4.31 1.18) (5.33 4.75) (8.11 7.24) (6.59 7.8) (0.13 3.83) (1.46 0.09) (7.54 4.35) (2.25 1.98) (5.82 9.66) (3.92 6.06) (0.36 1.86) (4.83 4.2) (5.98 5.41) (0.52 0.67) (4.34 1.29) (6.25 5.22) (0.07 3.59) (7.69 8.78) (3.94 4.41) (7.76 1.59) (5.49 4.66) (2.13 4.83) (9.71 4.4) (2.88 9.03) (8.55 2.03) (3.74 8.11) (2.71 6.84) (3.04 3.6) (2.04 4.43)
bool 98 (0 0) (0 1) (1 0) (1 1) (1 1) (1 0) (0 1) (1 0) (1 1) (0 0) (1 1) (1 1) (1 0) (0 0) (0 0) (0 0) (0 0) (1 0) (1 1) (1 1) (0 1) (0 1) (0 0) (0 1) (0 1) (1 0) (0 1) (1 0) (0 0) (0 0) (1 0) (1 0) (0 0) (1 0) (1 1) (0 1) (1 0) (1 0) (0 0) (0 0) (0 1) (1 0) (0 1) (0 1) (0 1) (0 1) (0 1) (1 0) (0 1) (1 0) (1 0) (1 1) (0 1) (0 1) (0 0) (1 1) (1 0) (0 1) (0 1) (0 0) (1 1) (1 1) (1 0) (1 1) (1 0) (1 1) (0 0) (1 1) (0 1) (1 1) (0 0) (1 0) (0 1) (1 1) (1 0) (0 0) (0 0) (1 1) (0 1) (1 1) (1 1) (0 1) (1 1) (0 0) (1 1) (0 0) (1 0) (1 0) (1 1) (1 1) (0 1) (1 0) (0 0) (1 1) (0 0) (0 1) (0 1) (1 1)
char 98 (m b) (q g) (p b) (o k) (n p) (n a) (j d) (f e) (k q) (q f) (s l) (g f) (j j) (p m) (c g) (q p) (s e) (r j) (t n) (d l) (a g) (f i) (o a) (i h) (r g) (l j) (n o) (s c) (e h) (g s) (g p) (e e) (m t) (j s) (h f) (i l) (h l) (a t) (p l) (f e) (r t) (d o) (g o) (m k) (e g) (s q) (k l) (i s) (q t) (m c) (n l) (e b) (q i) (k f) (i q) (r q) (l h) (f g) (f s) (c r) (d l) (q q) (o n) (e r) (a b) (i i) (q a) (r i) (g n) (f l) (g i) (c a) (c l) (e o) (s o) (a t) (d n) (d r) (j m) (s a) (q m) (p n) (o j) (h r) (n i) (g k) (f n) (q s) (b k) (d o) (h h) (c s) (q q) (t a) (m g) (n p) (n e) (p s)
double 98 (4.06 9.93) (0.08 3.57) (6.63 2.39) (5.38 0.71) (1.06 0.22) (6.47 9.12) (6.62 7.1) (1.58 4.57) (5.01 0.13) (7.27 0.62) (2.83 6.5) (6.74 1.03) (4.26 7.48) (9.14 1) (7.72 2.37) (5.45 3.45) (4.01 8.64) (7.37 9.05) (1.17 8.49) (0.11 2.73) (6.99 5.98) (4.67 1.81) (0.74 9.73) (6.86 4.42) (9.57 2.76) (4.87 4.71) (1.55 9.33) (8.14 7.81) (3.8 5.89) (8.12 9.32) (4.43 0.1) (0.64 4.86) (0.59 8.38) (3.96 8.34) (0.51 3.03) (5.89 1.39) (3.73 3.84) (6.44 2.56) (6.62 3.9) (1.69 7.11) (4.99 9.66) (7.78 3.24) (9.52 9.28) (6.71 7.75) (4.12 0.16) (6.46 4.25) (3 0.56) (9.86 6.72) (4.77 1.88) (0.29 7.25) (1.62 1.61) (6.64 7.56) (1.24 7.41) (2.28 0.33) (5.69 6.49) (4.13 2.53) (9.3 5.2) (2.63 1.85) (4.11 5.86) (4.96 5.31) (0.06 8.8) (5.99 3.21) (6.44 1.36) (8.18 8.76) (4.93 1.13) (3.02 8.42) (0.16 4.53) (2.34 1.6) (0.27 6.41) (3.39 8.33) (6.22 2.52) (8.15 1.24) (6.74 0.99) (6.54 2.49) (2.5 2.31) (1.34 4.02) (4.36 0.3) (9.31 7.4) (4.12 4.22) (8.16 5.66) (2.87 2.99) (1.66 6.82) (5.84 4.82) (2.35 7.35) (9.92 4.91) (8.15 5.47) (3.46 2.17) (1.29 9.52) (3.97 5.71) (5.21 0.41) (0.86 6.1) (2.63 3.6) (5.61 7.54) (8.5 5.05) (8.15 3.16) (3.84 0.49) (0.26 8.34) (3.9 8.45)
double 98 (4.65 4.24) (5.69 3.7) (3.77 9.34) (9.85 5.42) (5.13 4.46) (3.5 0.3) (1.72 9) (9.53 6.76) (1.02 6.32) (2.94 3.24) (7.11 3.3) (2.72 1.87) (2.53 0.25) (6.39 2.22) (4.39 9.12) (9.21 5.9) (0.99 1.98) (0.77 7.52) (7.97 4.28) (7.01 7.21) (3.92 8.32) (0.36 3.89) (1.13 5.46) (4.5 8.76) (0.47 2.38) (4.01 4.61) (3.65 6.86) (7.27 1.83) (1.82 6.36) (0.78 2.46) (8.14 4.28) (5.98 8.93) (2.67 0.64) (5.49 8.55) (2.04 6.02) (0.45 1.59) (2.5 9.82) (2.51 5.29) (7.31 8.4) (3.91 3.45) (9.56 2.69) (9.1 0.09) (3.95 0.46) (4.57 3.94) (4.84 7.34) (1.43 3.71) (2.7 3.72) (8.36 5.21) (5.65 2.76) (8.33 4.84) (8.55 6.9) (9.14 6.51) (2.14 0.81) (4.07 0.37) (6.54 9.13) (5.08 6.6) (3.01 2.52) (1.81 6.85) (9.52 4.83) (2.25 6.31) (0.29 4.77) (2.51 7.26) (5.86 1.59) (5.67 0.88) (4.56 2.57) (9.83 3.49) (0.47 5) (6.06 2.08) (1.92 6.05) (4.88 3.56) (3.38 7.92) (8.65 9.56) (3.98 9.93) (8.61 4) (6.71 9.75) (0.54 1.32) (0.91 7.7) (0.94 0.63) (0.57 4.35) (6.15 7.84) (1.8 5.93) (1.72 1.37) (9.17 0.45) (2.58 1.03) (1.97 8.66) (8.03 8.39) (6.46 3.3) (7.58 9.56) (6.77 9.48) (6.97 8) (5.21 1.13) (0.02 9.56) (5.37 7.11) (7.28 6.96) (9.36 7.91) (0.27 0.71) (4.75 2.21) (6.87 3.62)
int 99 (11 12) (79 31) (14 86) (95 32) (71 7) (47 36) (35 88) (4 66) (68 90) (67 4) (74 41) (54 42) (24 46) (85 45) (96 46) (45 12) (62 7) (39 60) (87 94) (76 91) (53 44) (7 30) (71 26) (31 51) (46 55) (88 50) (12 24) (30 85) (74 31) (54 92) (23 20) (3 90) (63 51) (5 85) (79 30) (65 81) (12 99) (30 21) (13 13) (23 49) (88 21) (81 5) (7 25) (55 47) (85 31) (66 70) (36 22) (13 61) (74 34) (60 44) (88 61) (70 99) (96 90) (88 82) (90 58) (32 78) (28 5) (64 20) (51 11) (84 95) (31 4) (48 44) (13 18) (68 80) (66 76) (17 49) (54 33) (95 92) (92 2) (46 29) (26 73) (79 22) (24 84) (12 51) (80 90) (36 46) (3 70) (75 54) (18 56) (6 64) (44 24) (71 43) (47 53) (63 77) (89 80) (74 30) (81 45) (14 54) (22 49) (41 18) (29 61) (67 92) (53 70) (28 81) (26 98) (48 90) (91 1) (25 82) (70 77)
int 99 (80 55) (28 22) (79 45) (91 91) (46 60) (96 21) (26 37) (13 51) (11 28) (69 75) (12 8) (30 62) (97 91) (65 37) (55 73) (77 79) (98 57) (98 78) (12 37) (52 28) (48 82) (39 8) (60 32) (63 80) (38 8) (43 62) (65 99) (61 39) (75 89) (72 21) (7 4) (5 54) (1 9) (86 9) (69 91) (77 89) (12 50) (92 27) (68 47) (92 15) (79 40) (5 62) (52 23) (82 51) (66 36) (16 67) (85 60) (99 73) (31 79) (12 31) (81 90) (41 37) (99 87) (18 72) (37 15) (91 35) (79 62) (14 78) (11 92) (88 7) (54 64) (29 43) (11 46) (55 47) (25 92) (68 14) (65 28) (18 78) (59 13) (26 79) (91 12) (97 73) (43 93) (38 51) (60 41) (63 40) (80 43) (23 35) (14 75) (25 93) (52 5) (20 10) (59 88) (44 45) (59 13) (97 92) (97 42) (10 10) (57 4) (70 98) (57 87) (69 42) (6 38) (53 39) (8 38) (71 7) (80 20) (44 41) (69 58)
char 99 (l m) (m k) (m f) (s t) (r t) (d l) (e r) (k h) (f a) (t i) (c l) (g b) (l p) (q s) (f r) (r e) (n g) (h t) (e q) (m f) (j g) (e i) (b a) (d a) (s p) (f m) (t h) (e l) (i g) (h m) (q k) (r n) (t r) (l c) (l k) (c f) (h g) (m m) (a s) (t t) (b d) (i a) (g t) (s n) (a s) (m m) (m f) (e q) (s f) (d p) (k h) (e m) (o e) (m l) (r d) (t j) (f l) (d a) (t j) (o k) (e l) (o g) (p f) (j j) (t j) (o o) (r n) (b h) (n k) (f q) (g p) (l m) (c f) (c b) (d t) (o o) (d l) (c b) (l q) (c c) (k i) (m g) (a t) (s e) (r p) (k m) (l c) (f a) (r a) (t c) (j r) (c f) (p d) (c n) (m e) (g m) (r m) (s t) (h q)
int 100 (23 98) (25 69) (77 38) (74 89) (92 32) (57 23) (29 73) (92 99) (96 97) (11 72) (35 65) (18 85) (63 89) (12 2) (77 21) (64 60) (28 91) (14 66) (46 86) (98 96) (31 44) (6 46) (98 7) (36 26) (40 18) (11 49) (99 27) (43 72) (2 97) (24 90) (10 25) (37 28) (6 37) (14 90) (92 32) (8 67) (66 9) (7 59) (81 45) (97 64) (84 6) (72 12) (22 18) (10 74) (90 7) (92 70) (53 42) (62 48) (40 76) (5 18) (17 29) (21 13) (11 58) (54 93) (85 36) (10 82) (48 54) (37 68) (92 88) (58 36) (64 2) (23 56) (33 28) (27 83) (2 72) (83 84) (74 56) (99 69) (93 64) (61 39) (68 86) (94 68) (67 11) (33 69) (1 45) (18 7) (13 25) (79 55) (44 33) (62 27) (91 43) (43 95) (87 17) (38 76) (41 99) (77 52) (97 65) (35 99) (13 44) (40 1) (22 27) (26 64) (80 71) (1 21) (96 66) (58 76) (54 47) (22 50) (14 1) (11 49)
int 102 (85 6) (49 72) (30 57) (72 14) (37 17) (91 27) (67 8) (35 67) (15 12) (89 32) (97 91) (21 60) (60 57) (25 46) (92 66) (64 42) (49 47) (42 93) (8 92) (58 99) (31 83) (93 10) (4 78) (84 14) (71 54) (94 17) (23 99) (73 22) (78 33) (91 25) (38 26) (58 35) (96 3) (35 57) (34 88) (70 39) (2 50) (56 89) (46 43) (28 42) (42 62) (15 92) (19 4) (26 28) (22 98) (81 31) (37 9) (88 98) (35 63) (36 81) (30 60) (39 41) (35 28) (55 94) (17 66) (72 26) (73 25) (48 9) (47 28) (89 94) (77 9) (77 40) (94 8) (6 98) (16 73) (25 22) (3 82) (21 87) (54 47) (28 50) (13 2) (49 11) (59 64) (15 74) (60 52) (7 69) (40 21) (87 58) (75 78) (12 18) (8 31) (85 32) (93 67) (40 28) (90 34) (5 81) (88 93) (59 91) (67 47) (54 68) (99 39) (91 81) (39 67) (91 16) (91 53) (11 81) (57 11) (88 9) (9 72) (68 59) (69 43) (27 87)
char 104 (a q) (d r) (d k) (t r) (h h) (d d) (g c) (e j) (i l) (e e) (d g) (g c) (h n) (s s) (t p) (d a) (s b) (q o) (q o) (b f) (e r) (q o) (f e) (c o) (o l) (d d) (s n) (d q) (r d) (t c) (g k) (t d) (m c) (a g) (p a) (b b) (b j) (i q) (k n) (d h) (t p) (g b) (e a) (b t) (k p) (k j) (a k) (k m) (a p) (k i) (n l) (f d) (h n) (h d) (c i) (p n) (o h) (m s) (g q) (i d) (j f) (f q) (o l) (d h) (k g) (i b) (t b) (g o) (o o) (r n) (f g) (i a) (d s) (h s) (l a) (b m) (g n) (e t) (n m) (e f) (k q) (j c) (c p) (r s) (t q) (a r) (l r) (e j) (l s) (a k) (b n) (d f) (b g) (r d) (t i) (o m) (n f) (q f) (q o) (a n) (h g) (n q) (b l) (n i)
bool 106 (0 1) (0 1) (1 1) (0 0) (1 0) (1 0) (1 0) (1 1) (1 0) (1 0) (0 1) (0 1) (0 1) (0 1) (1 0) (0 1) (0 0) (1 0) (1 1) (1 1) (1 0) (1 1) (1 1) (1 0) (0 1) (0 1) (0 0) (0 0) (0 1) (1 0) (0 0) (0 1) (1 1) (1 0) (0 0) (0 1) (0 1) (0 0) (1 0) (0 1) (1 0) (0 0) (0 0) (0 1) (0 1) (0 0) (0 1) (1 1) (1 0) (1 1) (1 0) (1 0) (1 1) (0 0) (1 1) (0 1) (0 0) (1 0) (0 0) (0 0) (1 0) (1 1) (0 1) (0 0) (0 1) (0 1) (0 1) (1 0) (1 0) (1 0) (0 1) (0 0) (1 0) (0 1) (0 1) (1 1) (1 1) (0 1) (1 1) (0 1) (1 0) (1 0) (0 1) (1 0) (1 0) (1 0) (0 0) (1 1) (0 0) (0 0) (0 1) (1 1) (1 1) (1 0) (0 0) (0 0) (1 0) (0 1) (1 0) (0 1) (0 0) (0 1) (0 1) (0 0) (0 1) (0 1)
bool 106 (0 0) (0 1) (1 1) (1 1) (0 1) (1 0) (0 1) (1 1) (0 0) (1 1) (0 1) (0 1) (0 0) (1 0) (1 1) (0 0) (1 0) (0 0) (1 0) (1 0) (0 0) (0 1) (1 1) (0 0) (0 0) (1 0) (0 0) (0 1) (1 0) (0 1) (0 1) (1 0) (0 1) (0 0) (0 0) (0 0) (1 1) (0 1) (0 1) (0 1) (1 1) (1 0) (1 0) (0 0) (1 0) (1 0) (0 0) (0 1) (0 0) (1 1) (1 1) (0 0) (1 1) (0 0) (1 1) (0 0) (0 1) (0 0) (1 1) (0 0) (1 0) (0 0) (0 1) (1 1) (1 1) (1 1) (0 0) (1 1) (0 0) (0 0) (0 1) (0 0) (0 0) (0 0) (0 0) (0 1) (1 1) (1 1) (0 0) (1 0) (0 1) (0 1) (1 1) (1 1) (0 1) (1 1) (1 0) (0 0) (1 0) (1 1) (0 0) (1 0) (0 1) (0 1) (1 1) (1 0) (1 0) (1 1) (1 1) (0 0) (1 0) (0 1) (1 1) (0 0) (1 0) (1 0)
bool 107 (1 0) (1 0) (0 0) (0 1) (0 0) (0 1) (1 1) (1 0) (1 1) (0 1) (1 1) (0 1) (1 0) (1 1) (0 1) (1 0) (0 0) (0 0) (1 0) (1 1) (0 1) (1 0) (0 1) (1 1) (1 1) (0 1) (1 1) (0 1) (0 0) (0 1) (0 1) (1 1) (1 1) (0 0) (1 0) (1 0) (1 1) (0 1) (0 0) (0 1) (0 1) (1 0) (0 1) (0 0) (0 1) (1 0) (1 1) (1 0) (1 1) (0 0) (0 0) (1 0) (1 1) (0 1) (1 0) (1 1) (1 1) (1 0) (1 0) (1 1) (1 1) (1 0) (1 0) (1 0) (0 0) (0 1) (1 0) (1 0) (0 1) (1 1) (1 1) (0 1) (0 1) (1 1) (1 1) (1 0) (1 1) (1 0) (0 1) (1 1) (0 0) (0 1) (1 1) (1 1) (1 1) (0 0) (0 0) (1 0) (0 0) (0 1) (0 1) (1 0) (0 1) (1 0) (0 1) (1 1) (1 1) (1 0) (0 1) (1 0) (1 0) (0 1) (1 0) (0 1) (0 1) (0 1) (0 0)
char 108 (q b) (g b) (c q) (j b) (r q) (a s) (f n) (c q) (e e) (a j) (f m) (j p) (a f) (c c) (c d) (p c) (i l) (r s) (l c) (h a) (m j) (r b) (f c) (j h) (i k) (b c) (l n) (e k) (o q) (h b) (l j) (t c) (p b) (p d) (p b) (h n) (j n) (p g) (q g) (i b) (e m) (k f) (t d) (m f) (d p) (g c) (s q) (c f) (q c) (j b) (r k) (k s) (d b) (n b) (e c) (q r) (i e) (j d) (i r) (a l) (r k) (l o) (n s) (g c) (f o) (i q) (a o) (c f) (p b) (t e) (q i) (r t) (f d) (j q) (d k) (r m) (t s) (p c) (o m) (i t) (o l) (b a) (r k) (r j) (l n) (f r) (j b) (e m) (i b) (i f) (h f) (c f) (k t) (i j) (f q) (m c) (e l) (r e) (e b) (l f) (m b) (k f) (c t) (d b) (e b) (r o) (t d) (n k)
double 109 (3.88 9.35) (0.21 2.58) (2.32 8.01) (2.84 4.12) (5.99 2.65) (9.39 3.47) (2.44 0.89) (8 0.89) (2.94 7.06) (8.44 1.07) (0.35 5.46) (7.07 1.92) (4.52 1.79) (0.32 9.23) (0.45 3.06) (1.75 2.45) (5.72 2.88) (2.69 2.6) (8.6 2.59) (4.75 7.29) (6.6 5.45) (3.44 6.98) (1.21 5.27) (4.58 3.75) (5.15 6.35) (9.74 4.12) (4.58 3.94) (6.98 5.13) (7.48 9.36) (3.81 1.68) (9.29 2.61) (9.1 5.3) (4.55 0.72) (1.44 5.5) (2.03 4.05) (1.46 5.06) (4.18 9.83) (1.25 8.32) (8.26 0.89) (7.65 4.76) (8.24 1.6) (1.53 8.4) (1.09 6.62) (6.03 5.57) (2.67 6.12) (7.53 2.8) (0.3 5.13) (5.72 2.28) (7.46 9.11) (9.59 2.51) (0.92 3.49) (0.28 5.3) (0.95 6.41) (8.55 6.72) (2.88 6.37) (3.92 5.22) (5.66 3.32) (0.12 2.73) (8.6 6.52) (5.25 2.94) (2.72 0.44) (3.15 5.95) (4.37 7.83) (5.84 0.78) (3.86 1.71) (1.9 7.88) (1.8 8.55) (0.11 6.3) (8.71 2.89) (1.94 2.59) (3.51 0.23) (1.26 3.64) (8.29 1.11) (2.04 5.78) (5.32 8.37) (7.28 3.7) (8.47 8.35) (8.76 3.11) (9.35 5.29) (2.73 1.07) (2.35 3.22) (2.98 0.14) (7.73 4.87) (0.82 5.19) (4.86 9.06) (8.94 6.79) (7.38 1.95) (7.31 1.47) (6.33 5.41) (8.56 5.59) (7.55 5.29) (6.81 8.46) (5.17 4.53) (8.76 5.95) (3 6.49) (3.28 7.31) (0.96 1.35) (8.73 6.47) (6.39 8.12) (4.15 4.74) (8.16 5.76) (8.25 1.36) (3.46 7.54) (0.11 4.6) (0.65 9.1) (3.38 8.93) (2.8 0.39) (2.22 6.53) (9.38 1.89)
bool 109 (1 0) (1 1) (0 1) (1 1) (1 1) (0 0) (1 0) (0 0) (1 1) (0 1) (0 0) (0 0) (1 0) (1 0) (0 1) (0 0) (0 1) (1 0) (1 1) (0 1) (1 1) (1 0) (1 0) (0 1) (1 0) (0 1) (1 1) (1 0) (0 1) (0 0) (0 0) (1 1) (0 0) (0 0) (1 0) (0 0) (1 1) (1 1) (1 0) (0 1) (1 1) (1 0) (0 1) (0 0) (1 1) (1 0) (0 1) (1 0) (1 0) (0 1) (1 0) (1 1) (1 1) (0 1) (0 1) (0 0) (1 1) (0 1) (0 0) (0 1) (1 0) (1 1) (1 0) (1 1) (1 0) (1 1) (0 0) (0 0) (1 1) (1 1) (1 0) (0 1) (1 1) (1 1) (1 1) (1 0) (1 0) (0 1) (1 0) (0 0) (0 1) (0 1) (1 1) (1 0) (1 0) (1 1) (1 0) (0 1) (1 1) (0 0) (0 1) (0 1) (1 0) (1 0) (1 0) (1 1) (1 1) (0 1) (0 1) (0 1) (1 1) (0 0) (0 1) (1 1) (0 0) (0 1) (0 0) (0 1) (1 1)
