int 10 30 93 41 52 86 18 93 53 56 56
int 11 39 71 24 25 85 49 89 36 30 25 91
char 13 a n s d q k o a t m o j c
bool 17 0 1 0 0 0 0 0 1 0 1 0 1 1 0 1 1 1
char 19 d r q c j s f j c p f t l b o o c g d
int 20 53 56 45 45 1 27 42 77 94 46 84 27 56 68 36 14 85 60 60 98
int 21 46 42 90 21 35 16 61 71 67 8 31 70 71 19 63 81 29 20 68 43 5
double 22 5.66 7.78 4.85 3.82 6.41 0.77 4.84 2.75 4.01 9.39 2.44 7.89 8.08 3.02 7.3 9.4 4.89 6.82 4.46 1.27 6.48 6.59
bool 24 0 1 0 0 1 0 1 1 0 0 1 1 0 0 0 1 1 1 1 0 1 1 0 1
char 25 e n e h p t n g f l s j k j h m o e k n l i e s i
bool 26 0 1 1 1 0 0 0 1 0 0 1 0 1 1 1 0 1 0 0 1 0 0 1 1 1 0
char 30 j d i h l k p e l j a h d e s b h m m m q c l e a q h r a i
int 31 61 58 9 63 42 87 16 35 71 64 28 32 85 44 78 47 6 79 78 73 12 27 62 51 48 84 71 42 37 25 11
bool 32 1 0 1 1 0 0 0 0 0 0 1 1 0 1 0 0 0 1 1 1 1 1 1 0 0 0 1 1 0 0 1 1
double 32 9.58 6.82 5.59 5.63 4.86 9.75 4.47 8.07 5.23 1.1 7.6 6.58 8.83 1.73 2.92 8.64 8.53 2.67 5.34 1.07 3.76 7.19 5.38 6.29 8.39 9.23 8.82 0.97 3.36 6.68 1.59 0.35
int 32 38 80 24 29 49 28 26 8 2 8 85 58 42 64 15 78 19 14 27 55 61 3 61 89 51 27 97 29 11 4 83 86
char 33 r n h a f f q o l i g k n e b d t k r k a l f l g c d e g l l f e
double 36 4.59 4.73 5.56 4.49 2 2.27 8.94 2.26 7.57 7.64 9.97 5.97 4.66 2.31 6.99 1.17 6.65 3.8 4.95 1.15 4.38 9.15 5.12 9.4 8.78 1.61 9.49 3.8 8.42 1.39 5.49 4.66 3.01 8.8 6.29 8.07
bool 37 1 1 0 1 0 0 1 0 0 1 0 1 1 1 1 1 1 1 0 0 0 0 1 0 1 1 1 1 1 1 0 0 1 0 1 0 0
char 39 n s g j p m b e h b h r h l d l r c n j s i k h p c p i r o o b h s e l n e o
char 40 o f d c k p e b k s q e h l f d e m j f d l g t g l e s s o s q d a m p n s n e
int 40 39 84 24 62 3 73 91 68 82 61 15 63 65 97 33 26 71 3 94 31 99 83 80 37 62 59 93 99 4 66 35 38 63 4 10 96 83 23 38 93
int 41 4 56 30 74 20 88 90 4 70 99 92 46 10 38 31 98 75 48 81 48 72 52 70 58 78 24 54 39 79 93 62 5 73 46 24 33 24 64 34 16 29
bool 42 0 0 1 0 0 1 1 0 0 1 0 0 1 1 0 1 0 1 1 1 1 0 1 1 1 1 1 1 0 0 1 1 0 1 0 0 1 0 0 1 1 0
bool 43 1 1 0 1 1 1 0 1 0 0 0 1 1 0 0 1 0 0 1 0 1 0 0 0 0 0 1 1 0 0 0 0 0 0 1 0 0 0 0 0 1 1 1
bool 46 0 1 0 0 0 1 1 0 0 1 1 1 0 1 0 0 1 0 0 0 0 0 0 1 0 0 1 1 1 1 0 0 1 0 0 0 0 0 1 1 0 1 1 0 0 1
int 47 31 79 61 38 64 65 51 7 56 45 65 26 98 47 53 24 7 38 18 26 51 98 78 7 71 81 21 3 67 18 58 44 44 38 26 78 97 47 49 79 73 72 11 9 2 48 84
bool 47 1 0 1 1 0 1 1 0 0 0 1 1 0 1 0 1 0 0 0 0 1 0 1 1 1 1 0 1 0 0 1 1 1 0 0 1 0 1 1 1 0 1 0 1 1 0 1
double 48 2.56 7.5 1.8 4.96 4.73 2.47 9.83 7.84 1.44 2.68 8.43 3.41 8.82 8.03 2.73 6.1 0.98 2.06 7.68 2.09 5.07 5.86 0.74 7.72 8.61 5.26 8.58 9.98 2.67 8.91 1.07 4.16 4.7 4.3 8.26 7.77 4.59 4.79 0.29 1.03 1.07 4.29 8.86 5.44 7.47 4.62 2.44 5.03
double 48 5.43 5.6 0.84 9.31 8.71 2.32 9.91 9.03 8.39 0.55 5.83 2.1 4.08 6.91 5.87 5.3 6.19 3.75 8.26 2 4.6 8.87 8.24 2.45 0.15 1.58 6.49 7.41 8.25 9.39 9.25 2.79 1.09 4.22 5.11 6.12 5.85 1.49 7.05 0.86 9.5 6.18 5.03 2.72 2.57 1.49 8.69 6.35
char 48 h c o r f d d p i s r o r p e f h h d i g l r l l d n a b h e i j m j g h m j c o b j r j j m q
bool 48 1 0 0 0 0 1 0 1 0 0 0 0 0 0 1 1 0 1 0 0 1 1 1 1 1 0 0 1 0 1 1 1 1 1 1 1 1 1 1 1 1 1 0 0 0 1 0 0
bool 49 1 1 0 0 0 0 1 0 0 1 0 1 0 1 0 1 0 0 0 0 0 1 1 0 1 0 0 1 0 0 1 1 1 0 1 0 0 0 0 0 0 0 0 1 0 0 0 0 0
int 52 19 69 94 33 33 71 79 81 64 92 38 96 61 30 29 67 26 60 12 40 99 44 16 17 85 90 17 87 20 64 85 4 12 78 14 56 9 32 47 96 89 98 6 51 35 49 3 42 33 37 10 45
int 53 50 60 82 38 78 83 12 55 51 75 58 37 52 27 23 57 20 1 34 79 91 43 55 21 77 25 78 43 29 60 89 90 70 29 30 1 35 17 98 6 99 95 10 85 55 28 40 61 56 13 98 84 89
int 54 77 57 74 41 3 6 34 69 43 68 38 86 70 75 59 3 58 38 40 64 44 65 77 23 21 58 15 77 11 74 26 68 79 42 65 35 68 68 61 65 53 50 22 86 58 7 76 7 50 85 92 15 75 18
double 56 2.72 9.58 3.87 0.95 2.21 7.7 5.34 2.69 0.15 3.26 0.32 7.6 8.46 3.29 7.06 4.02 5.22 2.18 2.42 2.78 2.88 5.85 0.85 9.97 2.02 4.5 0.9 4.48 6.79 7.66 1.15 7.41 6.5 5.78 8.46 5.43 8.71 7.8 2.59 0.81 0.61 2.52 3.52 2.28 3.95 5.76 4.39 6.91 7.77 1.21 6.06 9.74 8 3.82 4.58 0.65
double 57 1.83 7.02 4.8 4.41 3.49 9.45 4.2 4.2 2.9 8.15 5.53 9.52 1.2 7.76 7.72 8.82 0.57 7.44 6.87 7.42 3.33 2.2 8.84 1.45 7.44 4.67 7.27 4.58 0.24 7.79 6.52 1.85 6.12 5.85 1.96 3.44 6.37 0.91 3.96 7.86 6.79 9.15 0.84 7.91 4.09 8.99 3.19 9.53 5.06 5.77 6.07 8.41 0.84 3.36 6.76 0.47 4.08
char 58 h k d r f n d g j h o p o q d c f i d r t g f g l i e s c h h l g b k a g g r f p e o l k f d j q j c a f o k e h g
bool 58 0 0 0 0 1 1 1 0 1 0 0 1 0 0 1 1 1 0 1 0 1 1 0 1 1 1 1 0 0 1 1 0 0 1 0 1 0 1 1 0 1 1 0 0 0 1 0 0 0 1 0 0 1 0 0 0 1 0
bool 60 1 1 0 1 1 0 0 1 0 1 1 1 1 1 0 1 0 0 0 1 1 1 0 0 1 0 0 0 1 1 1 1 0 0 1 0 1 1 1 1 1 1 1 1 0 1 0 0 1 0 1 0 0 0 1 1 1 1 1 1
int 61 56 72 81 71 80 58 28 88 35 11 96 51 91 62 79 63 3 7 87 14 17 62 97 77 73 11 2 45 57 10 55 78 93 47 77 25 57 52 45 29 52 73 15 28 20 50 12 84 27 12 59 79 63 46 17 44 45 38 73 7 11
bool 62 1 1 1 0 0 1 0 1 1 0 1 1 1 0 1 1 0 1 0 0 0 1 1 0 1 1 1 0 1 0 0 1 1 0 0 1 0 0 0 0 1 1 0 0 1 1 1 0 1 1 1 1 1 0 0 0 0 1 1 0 1 0
int 62 70 81 66 24 25 95 10 8 93 51 70 84 37 27 14 2 12 21 33 76 27 56 87 67 35 8 97 75 68 2 5 88 23 30 80 52 19 78 50 27 74 92 76 57 54 66 92 78 71 31 91 37 90 86 33 20 77 11 66 19 79 28
double 62 7.19 9.57 9.72 7.65 4.68 8.79 0.05 9.25 0.83 8.07 8.85 0.33 1.93 6.49 7.09 2.87 8.17 6.76 6.06 8.04 2.59 5.91 1.43 9 7.44 4.28 7.54 6.02 9.75 1.64 6.14 6.46 1.08 5.02 5.12 4.14 6.14 3.21 0.78 2.23 6.42 9.49 6.12 4.23 0.17 2.91 8.38 5.51 7.01 4.34 4.16 9.52 8.13 7.7 7.66 1.03 1.29 0.51 4.1 1.96 6.95 2.58
char 62 k c k r a g g o i m k t h s k g e o g f d l e j s e p o t q i j k e f o s j i b c q i g r a i j j t f h b p n n t s f s r e
bool 66 1 0 0 1 1 1 1 1 1 0 0 0 1 1 0 1 0 1 0 0 0 0 0 0 1 0 1 1 1 1 0 1 0 0 1 1 1 0 0 1 1 0 0 0 1 0 0 1 1 1 1 1 1 0 1 1 0 1 0 1 0 0 1 0 1 1
int 66 32 4 74 94 90 64 77 56 67 60 46 90 53 77 25 73 73 6 46 79 31 54 84 85 38 61 64 51 97 49 34 40 85 9 42 48 61 3 58 58 71 40 4 70 69 11 73 48 51 43 5 24 54 27 72 6 4 46 69 28 69 40 90 38 32 20
bool 68 0 1 1 0 0 0 0 0 0 0 0 0 0 1 0 0 0 0 1 1 0 0 1 0 1 0 1 0 1 1 1 1 1 1 1 0 0 0 0 0 0 0 1 1 1 0 0 1 1 0 0 0 0 1 1 0 0 1 1 1 1 0 0 1 1 0 1 1
bool 69 1 0 0 1 0 1 0 0 1 1 1 0 1 1 1 1 1 0 0 1 1 0 0 0 1 1 1 0 0 0 0 1 1 1 1 1 1 1 0 0 1 0 0 0 1 0 0 1 1 1 1 1 1 1 1 1 0 1 0 1 0 0 1 0 1 1 0 0 1
int 69 6 44 64 88 80 98 49 54 73 74 97 18 13 60 72 96 33 90 21 92 35 57 88 5 96 3 38 37 10 96 20 18 19 12 23 9 71 55 33 11 18 42 86 32 91 93 39 91 51 51 76 37 19 45 66 80 73 97 23 25 80 78 18 55 55 76 63 82 60
double 69 3.07 2.27 3.57 8.24 8.9 0.92 3.11 2.06 6.28 1.56 7.45 6.2 0.82 6.82 7.87 7.85 2.14 2.95 6.34 2.49 6.83 5.11 7.87 3.26 4.09 2.15 9.01 9.79 7.96 8.59 0.69 5.85 7.46 5.7 4.28 0.2 0.84 4.76 6.28 1.29 8.99 2.75 8.07 5.55 2.08 5.5 6.21 2.53 6.37 7.84 3.74 9.02 5.8 7.24 3.19 1.08 4.47 2.35 7.3 2.99 4.28 6.25 0.47 3.16 5.81 9.07 0.36 6.35 5.16
int 73 51 37 82 35 95 21 17 99 21 69 27 25 8 73 10 96 70 78 35 79 96 63 41 56 9 31 24 16 25 63 85 9 55 4 4 78 23 51 28 70 41 6 91 37 96 8 9 71 2 23 88 7 98 56 42 31 95 77 74 25 33 80 89 51 26 86 32 65 92 93 72 72 43
double 74 1.16 0.95 1.26 8.64 5.95 2.64 2.24 1.92 7.33 2.04 4.26 4.79 1.62 2.38 2.4 6.32 7.55 2.26 4.37 3.9 3.08 2.61 3.15 6.17 6.34 7.79 6.21 0.58 9.07 0.89 6.28 1.67 5.43 6.28 4.8 3.46 1.07 6.85 6.57 1.85 5.2 1.04 1.09 4.69 6.56 5.45 1.84 0.81 0.07 0.38 8.71 9.54 5.85 9.75 2.26 6.83 3.85 9.29 9.4 2.62 8.39 4.84 8.9 2 1.46 7.15 4.01 2.93 4.46 7.05 2.34 9.76 7.79 0.85
double 75 0.22 6.58 4.45 1.44 1.02 9.94 9.19 3.31 3.33 2.75 5.66 1.43 2.35 1.21 2.56 8.19 0.29 2.64 9.45 1.82 7.71 0.73 0.62 4.59 0.67 4.46 3.8 5.82 1.06 9.17 2.84 8.92 8.5 4.64 8.73 6.72 1.63 4.72 3.88 6.94 7.74 6.59 0.49 4.95 9.37 4.56 4.94 1.75 6.63 0.89 5.52 9.92 5.43 3.73 5.68 9.6 9.26 0.32 5.39 0.83 3.27 9.22 9.92 9.38 7.61 3.41 6.76 2.46 6.5 9.86 4.14 5.71 3.11 6.67 7.43
int 76 20 89 8 83 65 99 18 59 53 25 25 77 7 29 66 91 4 31 78 94 16 14 89 84 65 60 26 56 85 91 12 84 72 83 19 21 31 83 46 14 43 26 73 2 38 55 70 66 9 37 7 2 79 60 1 46 96 82 87 31 55 41 53 85 77 83 28 98 19 18 43 90 53 7 39 66
char 77 m a t g h t o d h f f t k f s g m m a e d d i r f n f g n l t e t p n p l e t n p n r q e d h d a t l h o k o r p i s q a g r k c n i b q r r a q l n t e
int 77 42 73 48 4 80 92 8 59 25 1 77 60 87 30 97 67 27 26 18 91 76 88 68 97 31 89 68 14 10 12 53 11 10 93 15 13 35 67 50 62 88 26 71 46 59 81 73 10 55 34 77 90 11 88 97 6 90 37 66 74 32 39 18 77 19 34 98 28 81 7 60 21 32 83 67 31 3
int 77 47 39 14 94 94 3 52 70 6 96 23 13 11 13 89 67 28 75 14 1 39 22 30 48 59 8 48 63 95 97 86 85 81 39 23 85 98 69 37 40 42 26 15 76 25 70 62 84 40 9 16 73 81 83 3 85 72 72 12 16 58 64 26 83 36 59 58 53 98 17 58 34 72 77 83 17 97
char 78 m f r a q f g g s i b o r o j d l o l e o d q p i p a b g q b a l b b h s l l f k h o n a d t a b m n l j i a e h m e b m d j s f a p t o t g g c t k j j q
double 78 0.04 8.82 6.72 5.87 4.98 3.3 6.51 5.98 2.33 8.69 5.96 6.26 4.91 3.94 9.41 2.89 1.49 7.15 3.43 0.74 4.59 2.35 7.13 2.5 3.23 4.07 7.58 7.02 2.57 8.79 8.21 1.68 2.01 7.08 4.89 0.07 8.91 8.74 1.96 4.48 8.04 8.64 3.4 5.06 7.42 5 8.86 3.17 5.78 3.25 7.69 2.99 6.41 3.79 3.02 0.03 0.34 2.79 1.93 9.99 2.15 0.81 6.4 8.91 3.98 8.79 0.71 7.81 3.08 1.76 9.66 9.99 4.4 0.92 1.89 3.85 9.31 1.03
double 78 9.81 1.42 8.91 5.42 1.64 3.86 6.4 4.15 7.41 1.24 5.81 1.35 8.41 2.62 9.45 3.44 8.91 8.87 2.72 5.07 6.94 6.84 8.39 9.16 9.9 5.87 0.37 2.55 2.39 2.94 6.33 7.62 5.07 2.22 0.01 2.33 6.57 9.43 7.27 1.63 4.37 9.15 4.45 1.08 7.73 9.37 2.79 0.82 6.98 6.87 8.29 8.13 9.49 0.45 4.93 8.12 5.6 6.3 2.55 8.74 7.81 0.77 7.8 3.87 1.74 4.3 0.04 0.19 7.59 4 7.3 9.45 5.64 3.09 8.26 8.61 0.99 3.4
int 78 38 84 52 16 58 13 16 84 61 84 31 17 29 50 93 16 53 3 32 50 70 46 70 40 29 41 31 64 42 57 87 31 20 77 24 78 35 21 74 41 90 54 51 8 29 67 76 67 38 38 59 43 62 6 6 45 66 7 23 49 43 15 2 59 67 63 9 38 79 97 41 74 91 63 58 21 60 63
bool 79 0 0 0 1 1 1 1 0 0 1 1 0 1 1 0 1 1 0 1 1 0 1 0 0 1 1 1 0 1 1 1 0 0 1 1 1 0 1 0 1 0 1 1 0 0 1 1 0 0 0 0 1 1 0 0 1 0 1 0 0 0 0 0 1 0 0 1 0 0 0 0 0 0 1 0 0 1 1 0
char 79 l b b j c h s c c l i h t k g h g i t k s l a q e t j d q e t i l r o s q e k b b j j n l f h f a p g g f b b m n o h f j n d e a d o l a h j k p a k j d g t
char 79 r s g n e i e j b m h o l i q h c g m t l c k c q n e h i m k o d k g o r k s d b a j s h a k p s f q l r h s i p a t h b d l k m p l d e d k s l i p h b i s
char 80 c r d d o q c t a a c d h f m h n e s q c c m i m t c r n q h i a g q q b k h p k d i k r j c i q b b c l m l t s s m d c t g i o f k b f r b n p h g g r q c f
char 80 o t s d o e l o h r t h l g p p e r t i e c l g r f h h e c m f d a d b j h d p a j b f k d g k b g a n p d o q i q r r k c g g b m f q a g d n b b f k g k j p
int 84 29 47 16 14 50 71 93 47 57 56 73 8 11 58 3 64 73 1 72 49 76 63 39 26 95 78 42 46 91 84 12 79 47 93 85 17 94 15 80 87 51 73 60 54 85 75 31 89 34 12 19 47 27 92 50 11 43 10 10 29 85 68 79 7 1 75 68 36 19 17 5 39 64 18 88 72 4 39 50 6 26 86 94 37
bool 87 1 1 0 0 1 1 1 0 0 1 1 0 0 1 0 1 0 1 0 1 1 0 0 1 1 0 1 1 1 0 0 1 1 1 0 1 0 1 0 0 0 0 0 0 1 0 0 1 1 1 1 1 0 0 1 1 1 0 1 1 1 1 1 0 1 1 0 0 0 0 0 1 1 1 0 0 0 1 1 0 1 0 1 1 0 0 1
double 88 2.57 6.23 3.91 6.98 1.03 8.04 1.52 9.44 9.23 1.11 0.86 3.66 1.88 7.54 6.06 7.4 2.6 5.87 4.55 4.29 2 2.33 0.4 8.86 1.97 3.69 4.77 3.24 0.17 4 0.56 7.03 7.67 3.02 7.67 0.59 9.02 3.11 3.22 4.78 9.32 3.57 7.44 4.74 1.7 0.57 7.99 1.85 9.76 0.81 1.75 4.49 2.27 1.43 7.19 7.42 4.56 4.8 0.8 6.63 7.51 8.91 2.21 6.8 2.42 0.8 7.05 0.37 1.68 6.36 1.47 9.5 6.58 1.61 7.9 9.84 5.22 4.12 9.46 7.44 9.01 7.99 7.16 1.29 6.71 9.37 1.38 0.28
int 89 74 4 52 28 91 35 96 26 36 65 36 9 39 47 15 13 51 75 51 9 58 77 68 3 16 21 78 6 44 87 59 1 32 63 28 85 29 77 21 53 88 95 55 26 86 78 80 87 47 92 24 4 68 43 45 36 58 63 11 39 69 34 67 43 81 43 75 79 17 58 51 66 59 14 6 49 61 78 26 10 88 74 93 24 35 70 40 8 43
int 89 64 18 93 96 80 54 45 34 20 29 41 32 56 48 86 52 39 99 85 42 54 60 39 44 54 50 82 84 80 66 74 82 69 9 39 11 88 9 35 25 63 78 66 63 64 33 44 21 56 32 19 73 82 56 78 29 90 34 86 68 47 95 80 44 14 84 75 97 24 22 69 96 89 57 9 57 2 74 27 58 87 97 86 38 86 36 25 32 93
int 90 48 88 10 5 72 64 97 74 85 89 57 37 24 38 25 55 13 1 59 11 99 86 66 58 37 67 89 75 35 27 1 92 12 53 74 74 21 36 45 12 85 61 27 26 11 67 50 65 27 15 62 83 60 22 48 75 21 88 56 8 90 51 28 83 6 14 23 52 39 43 73 23 61 84 58 93 1 77 75 76 29 11 84 57 95 24 51 79 19 82
char 90 f a m j t t b a i k i b f c p b t c t b e o c q m t h s n o c d i r q q i k d f p l l o g k b c m t s r m d b c q m r c r r r p l k q j o n n g t f k e o e q b j f c d r p o k a o
double 91 5.75 0.58 5.48 7.54 0.72 2.17 4.94 3.44 2.61 4.98 6.44 5.86 7.05 1.7 4.52 9.02 0.71 0.8 6.39 4.39 7.11 6.67 0.95 0.69 3.16 4.21 3.74 1.16 7.57 7.34 8.54 6.13 9.42 8.15 5.12 5.56 7.94 2.64 9.21 9.97 1.26 7.98 0.57 5.76 3.51 7.69 2.71 4.87 9.15 2.91 0.89 6.25 7.76 8.09 3.21 4.86 2.06 0.18 6.39 2.39 3.88 4.48 2.89 2.65 5.57 1.82 5.79 1.32 9.11 4.82 8.51 2.82 8.33 5.04 0.97 2.53 0.17 9.3 0.49 4.73 4.16 6.67 9.15 8.14 2.1 8.68 9.72 4.4 0.81 0.3 7.48
bool 91 1 1 0 0 1 0 1 1 1 0 1 1 0 1 0 0 0 1 1 1 0 1 1 0 1 1 1 1 1 0 0 1 1 1 1 0 1 0 0 0 1 0 0 0 1 0 1 1 1 0 0 0 1 1 0 1 0 1 0 0 1 0 0 0 0 0 0 0 0 0 1 1 0 0 0 1 1 0 1 1 1 0 1 0 0 1 0 1 0 1 0
int 93 98 93 62 37 22 80 16 31 59 62 95 52 10 22 96 36 45 28 93 15 92 84 33 53 79 55 58 69 94 89 46 87 36 61 5 8 45 76 91 91 44 73 49 10 87 53 68 1 63 11 60 9 65 62 94 48 52 49 97 79 50 65 28 87 2 33 73 55 5 88 73 94 53 97 99 92 98 44 10 76 15 11 7 19 81 28 26 22 72 6 53 89 5
int 95 63 71 47 6 4 47 20 9 37 68 91 31 8 51 99 52 5 35 73 65 49 63 39 97 25 70 29 85 21 43 97 48 59 46 62 98 74 86 73 1 29 27 27 72 32 52 18 65 40 1 23 70 68 33 53 61 75 10 4 62 21 7 42 86 80 61 87 30 98 11 81 74 20 45 34 15 85 6 49 70 24 8 76 70 19 13 92 87 1 29 1 15 94 12 40
char 95 e a k b k r r n n n t g t j n a f f j q g d c p g h c f k j e g o c i g j p e c c j s q j e d l c j a m g l t b h g c o o s f g l e e a s j f i s m c a l j e r r c s c e p l b m m l b c h o
bool 95 1 1 0 1 0 1 1 1 0 0 1 1 0 1 1 0 0 1 1 1 0 0 1 0 0 0 0 1 0 0 1 1 0 0 1 0 0 1 1 1 1 1 1 1 1 0 1 1 0 1 1 1 0 0 0 0 1 1 0 1 1 0 1 1 0 0 0 0 0 0 0 0 1 0 1 0 0 0 0 1 1 1 0 0 0 0 0 0 0 1 0 1 0 0 0
double 96 5.49 5.17 7.68 6.52 8.76 4.58 8.1 4.24 1.98 0.72 6.01 1.36 1.16 3.19 7.32 5.45 3.65 8.28 4.27 3.81 3.42 8.78 7.53 8.43 5.33 1.17 6.45 0.66 2.86 4.32 4.02 4.41 5 8.36 4 0.54 8.06 6.34 4.77 3.03 7.53 4.65 4.39 1.87 7.44 3.09 0.31 4.59 9.94 7.16 4.6 1.87 5.48 3.08 4.6 7.69 7.16 6.75 3.75 7.31 1.12 1.52 4.32 8.85 5 5.59 0.29 3.29 6.09 4.14 6.44 4.87 4.58 2.55 1.27 6.18 0.05 4.79 1.87 3.62 1.06 7.32 8.05 3.07 4.38 7.95 6.48 0.96 8.9 8.78 8.72 2.1 7.09 5.86 9.47 1.11
double 99 6.71 4.29 3.04 2.78 7.35 7.34 1.75 0.39 8.28 6.65 8.23 4.19 2.99 5.7 8.29 3.36 0.93 2.09 2.5 9.6 8.68 3.51 3.82 5.45 2.1 0.86 6.36 4.15 0.38 3.01 0.63 1 9.06 9.75 0.78 8.69 2.45 9.13 2.14 1.26 7.41 9.54 8.51 9.43 5.09 9.68 8.68 4.71 8.18 0.47 6.26 7.82 2.41 7.38 7.54 0.98 2 0.87 5.57 8.62 0.74 6.35 8.28 9.06 5.51 9.31 4.96 8.18 5.56 5.92 7.95 9.98 6.76 0.5 7.69 9.51 8.82 4.26 1.4 3.28 5.36 3.18 3.19 6.98 9.41 4.85 4.46 5.17 7.61 6.04 6.96 0.84 7.13 5.18 6.18 5.43 6.77 8.53 7.74
double 100 4.07 5.98 0.51 4.65 3.27 0.31 3.29 9.73 1.41 8.23 9.17 2.38 3.31 3.82 4.39 0.08 7.2 9.1 0.38 3.33 1.93 8.81 3.13 4.74 5.16 1.54 2.53 0.07 0.82 8.39 1.38 2.22 0.22 9.14 6.93 6.85 8.56 1.11 5.66 0.46 8.08 6.16 3.71 3.33 7.76 3.12 7.99 4.79 6.29 4.7 0.59 7.5 2.28 1.72 9.7 8.8 7.4 2.15 4.45 1.54 5.57 7.77 3.66 1.97 1.86 8.54 5.09 8.87 7.43 7.9 7.39 1.68 1.72 5.46 0.74 1.48 5.59 9.9 9.32 9.06 2.62 9.21 4.43 3.84 7.37 3 8.9 7.33 2.72 1.01 9.09 6.52 6.1 6.54 5.63 7.24 9.54 4.72 9.97 7.42
bool 100 0 1 0 1 1 0 0 0 1 1 1 1 0 0 0 1 1 1 0 0 0 0 0 0 1 0 1 1 1 1 0 0 1 1 0 1 0 0 0 0 1 0 1 0 0 1 1 1 0 0 1 0 1 0 1 0 0 1 1 1 0 0 0 1 0 0 0 0 0 1 0 0 1 1 0 0 1 0 0 0 1 1 1 0 0 1 1 1 0 1 1 0 0 1 0 1 0 1 0 1
char 101 a p e g j h p e l e b m a e k n q c l o n j i o e g m j g s p f a c c c k f g r j t h g t a o c i m f b b j q h m k q s b n m r e j e l d j j d h d j i b p b h n t d t p t n p r a g a e o c r h b i h f
int 101 77 16 2 46 39 11 36 64 25 85 15 30 17 53 27 96 63 52 7 77 67 51 56 99 8 99 23 87 88 98 37 96 28 88 87 81 39 93 43 62 68 75 65 22 16 23 51 70 39 41 4 80 27 70 84 15 18 39 5 70 32 71 37 91 97 23 96 60 31 20 43 40 57 13 32 30 53 14 63 53 74 72 70 72 46 85 4 77 66 59 76 4 36 84 72 63 11 80 91 50 19
int 101 74 54 96 82 41 86 67 65 3 58 43 65 76 73 70 80 88 29 50 44 48 53 81 91 72 74 15 75 41 52 22 92 30 4 62 45 14 64 70 57 76 87 13 21 4 1 84 44 37 42 82 7 63 23 21 12 54 38 60 35 37 51 20 27 60 46 9 19 11 69 63 18 47 54 46 52 48 84 94 82 2 23 30 51 63 87 65 75 40 74 7 26 72 7 48 53 95 71 25 69 32
bool 102 1 0 0 1 1 0 0 0 1 1 0 0 0 0 1 0 1 0 0 1 0 0 0 0 1 0 0 1 0 0 0 1 0 0 1 1 0 0 0 0 0 0 0 0 1 1 0 1 1 1 1 0 0 1 1 1 0 1 0 1 1 1 1 1 1 1 1 0 1 1 1 0 0 0 1 0 0 1 1 1 1 0 1 0 1 0 1 0 1 1 1 0 1 1 1 0 0 1 1 0 0 1
double 103 8.97 1.08 9.91 5.84 9.38 1.03 1.23 5.78 7.87 0.5 4.45 1.43 9.04 5.53 0.25 8.74 7.98 5.28 3.9 7.58 5.6 7.87 4.48 6.47 2.15 2.84 6.18 9.79 9.06 2.99 6.29 4.57 9.08 2.89 0.5 2.18 3.18 4.95 9.28 1.1 7.85 9.39 3.7 2.12 5.29 5.89 9.37 6.77 7.27 2.11 4.24 8.08 5.07 4.79 9.25 7.04 7.49 2.97 3.98 7.64 4.55 5.43 0.47 5.55 3.03 6.5 3.82 6.21 8.22 8.58 1.03 3.86 0.03 4.39 4.74 3.63 8.98 5.86 1.47 6.54 5.53 2.6 6.97 3.98 6.48 4.16 6.28 4.89 5.21 1.57 1.77 0.25 6.07 6.07 4.59 8.29 4.7 2.55 9.23 9.48 8.64 3.41 1.97
int 104 51 31 54 83 23 56 10 81 90 76 69 45 62 50 82 29 59 31 85 72 6 44 12 6 57 53 52 31 85 35 46 51 67 3 83 76 41 24 41 92 40 45 77 14 95 69 54 76 6 22 41 64 76 18 5 18 44 36 15 78 4 96 14 38 8 2 85 30 40 13 79 20 70 35 43 6 65 69 20 68 26 92 36 95 54 92 48 53 51 7 77 99 2 15 28 46 35 13 23 73 99 99 26 48
char 104 h j g k n g a j g o j f d n o h b m d d q l s i e i e e g k s o l m b r l t j k q n c l q o s b f f f a e s j d i i l r a f r j p b i j b l p p t j k a g f c p c l r r t b b s a l b h l r h e i h r m p t e o
double 105 0.75 1.43 6.55 6.05 5.1 3.6 1.39 1.75 7.29 3.38 0.89 9.53 2.68 9.39 0.57 3.19 0.95 2.79 7.63 8.42 9.42 1.24 1.18 4.89 7.76 6.81 8.56 2.28 2.63 9.61 8.9 2.14 6.69 3.14 7.64 5.42 1.19 1.36 7.98 7.18 9.41 5.89 7.23 2.84 7 1.76 4.36 1.32 7.69 0.59 4.92 4.44 7.85 0.6 3.02 2.57 5.25 1.99 6.1 7.01 2.42 0.12 9.27 7.04 5.46 4.91 6.06 3.16 7.64 3.3 4.54 8.26 9.25 2.72 5.54 4.03 5.8 7.72 4.34 1.51 6.18 6.85 8.9 6.48 9.39 5.97 5.59 1.11 6.41 6.47 6.7 7.55 8.39 4.23 8.02 1.17 1.01 0.44 0.4 6.15 3.53 8.43 3.64 6.65 7.92
int 105 95 90 31 85 5 74 20 71 91 24 57 84 67 56 8 73 60 3 86 19 31 48 51 85 54 37 86 82 60 18 45 47 41 48 42 62 92 71 49 29 21 69 63 53 61 1 30 64 96 28 27 97 52 32 88 23 99 83 26 83 4 1 50 81 34 42 41 65 24 80 94 92 35 16 90 23 34 98 9 1 91 49 53 47 64 26 17 9 85 40 26 48 56 7 80 10 5 13 72 64 47 55 33 86 96
char 106 r o f m k q j h h f f f n e b a f l c c i n j j g l a r i j j m f c r r p c p q d b t t m m q a o f d a e g g p l a s p d a q r p g g t a h f e n j n f b d j h s n r d e c q n a b j m j m k d a p n r n k d g f e
char 107 s q s c d b k s m a i j k a a h p c f g d s s e s b o s f k h e l k o p c c b h s e f g h t h a m d a s i r i e h p f b n q r i s n d g k j r q i r e t n l n p g r q a r p b p e j a m m i h b b e f b p a i r e l a
char 108 f n q m q e t c n n h j b m k s b f g d q n b o s h j p m m j a c q n j n o q n g d t e s e c e o g s s r k f d j i e k s f r b p k h k e p j g b g k m k e q p a h e j g p e m k j s f f k p n j g m c k s j b n p o i
bool 109 0 0 1 1 1 0 0 1 1 1 0 0 0 0 0 0 0 0 1 0 0 1 1 0 1 0 1 1 1 1 0 1 0 1 1 1 1 1 0 1 1 1 1 1 1 1 0 1 1 0 0 0 1 0 0 1 1 1 1 0 1 0 1 1 1 0 1 0 0 0 1 0 1 1 1 1 1 1 0 1 0 1 1 0 0 0 0 1 0 0 0 0 1 1 0 1 1 1 0 0 0 1 0 0 1 0 1 1 1
int 109 50 48 50 11 46 85 3 18 62 91 99 61 38 82 2 96 64 81 53 8 3 78 31 87 55 91 19 59 52 73 1 57 53 15 43 72 31 97 25 64 36 36 65 42 70 49 54 40 42 20 89 52 39 25 20 50 79 95 2 58 81 1 47 8 83 19 69 84 95 52 37 25 94 17 82 89 70 70 22 86 82 42 74 38 69 32 29 96 80 8 64 78 77 56 5 72 45 27 55 42 27 26 78 76 89 47 68 50 85
bool 109 1 1 1 0 0 1 0 1 0 0 0 0 0 1 1 1 0 0 0 0 1 1 1 1 0 1 0 0 0 0 1 0 1 1 1 0 1 0 0 0 0 1 1 0 1 1 1 0 0 0 0 0 0 0 0 0 1 0 0 0 0 0 1 1 1 1 1 0 0 1 0 0 0 0 1 1 1 0 0 0 0 1 0 1 0 0 0 1 1 0 1 0 0 1 1 0 1 1 1 1 1 0 0 0 1 0 1 1 1
