int 10 117 217 920 155 946 166 11 795 848 775
int 10 958 828 994 95 395 206 388 720 722 91
int 10 748 273 168 579 207 56 451 166 454 285
int 11 168 79 949 301 782 819 39 610 739 260 879
int 13 67 448 359 45 997 443 87 799 298 132 23 464 355
int 14 839 9 843 95 397 951 683 428 512 727 889 2 358 81
int 15 74 3 236 257 696 918 194 99 189 523 14 298 397 42 79
int 16 380 9 608 290 777 567 296 662 109 485 408 962 92 804 508 316
int 18 413 709 305 777 446 456 767 889 728 407 839 170 771 251 435 83 129 200
int 19 782 788 568 566 750 438 361 945 698 476 458 905 95 903 223 998 88 403 766
int 21 898 386 76 136 276 459 975 746 241 295 485 314 49 376 377 856 333 740 533 77 394
int 23 599 180 332 539 705 25 718 300 238 905 322 451 50 987 424 9 241 348 861 69 562 896 52
int 23 681 160 528 613 85 142 12 783 545 829 714 793 872 22 1 641 602 508 622 841 223 970 33
int 24 33 943 218 325 399 477 699 413 569 690 729 265 229 372 388 374 273 62 422 42 114 107 997 327
int 24 142 795 84 563 688 697 606 112 885 44 174 196 169 228 600 63 494 829 10 118 775 391 11 469
int 25 662 27 853 949 541 292 110 138 589 479 674 883 503 413 927 103 118 747 392 78 655 771 191 542 339
int 27 946 91 75 891 186 387 546 827 691 238 5 621 451 499 841 312 98 95 244 346 627 32 698 727 868 572 432
int 27 177 281 690 430 129 695 447 29 549 250 200 4 705 153 346 838 778 824 219 554 532 100 638 565 83 181 262
int 27 181 885 668 872 958 731 542 27 584 367 51 501 727 607 588 327 530 352 690 992 41 689 969 618 149 830 178
int 29 79 152 56 293 631 754 229 570 599 783 491 456 188 729 275 167 824 836 559 739 138 151 96 156 641 173 59 779 300
int 29 616 649 101 431 566 257 336 332 308 555 140 334 339 322 564 437 907 954 249 161 764 174 361 988 905 493 497 193 513
int 30 365 980 879 496 509 2 111 977 689 140 712 16 462 865 316 874 975 290 42 916 150 270 66 983 840 384 86 85 979 176
int 30 84 319 64 935 700 352 71 41 302 389 771 247 248 591 450 940 485 448 639 332 754 544 136 961 73 649 346 13 95 105
int 33 455 169 755 195 32 450 90 149 913 349 335 856 892 924 522 639 720 677 293 554 556 828 860 532 351 899 31 51 791 528 716 367 698
int 33 406 254 18 283 604 48 30 615 457 421 902 237 99 567 182 955 184 480 39 160 423 64 834 395 905 206 430 11 197 868 864 776 875
int 34 542 227 306 502 7 870 321 823 704 355 80 411 723 353 412 788 225 646 4 423 636 941 356 888 475 762 242 772 212 931 552 944 632 795
int 34 721 95 186 141 621 228 436 993 691 744 78 89 80 582 870 560 661 321 209 299 14 749 651 502 590 445 689 639 523 680 268 192 411 858
int 35 202 805 219 461 872 397 864 743 145 657 507 509 855 894 941 419 915 194 332 270 20 692 290 188 356 696 239 185 623 452 719 698 114 648 366
int 36 787 99 783 252 71 89 509 210 744 496 478 10 678 495 512 239 508 799 927 992 694 929 829 786 748 53 364 73 490 363 298 577 362 734 377 571
int 39 888 887 174 392 677 483 302 268 56 621 740 388 968 327 929 510 902 885 610 881 783 235 41 705 233 864 128 749 52 390 416 562 282 30 797 914 811 346 854
double 40 3.86 7.09 4.82 6.77 6.12 2.03 0.02 9.16 8.95 8.2 0.14 0.7 7.32 4.92 8.78 9.35 6 8.66 0.6 1.23 2.14 6.83 1.57 7.41 7.02 0.2 4.63 4.23 2.1 0.35 7 2.61 5.52 8.37 1.26 0.16 5.55 7.29 0.41 6.59
int 43 498 468 145 831 252 626 453 795 479 947 580 16 680 961 855 378 895 899 857 488 522 990 790 890 32 667 403 984 841 92 288 794 206 614 759 335 547 854 220 921 660 995 889
int 43 205 491 415 9 446 323 99 463 404 332 435 878 806 619 819 984 849 813 316 971 337 866 985 472 3 516 955 6 183 907 128 186 809 284 148 687 660 17 302 18 976 952 86
int 44 144 595 640 665 234 855 695 794 566 580 680 35 538 81 653 863 682 46 914 749 720 849 966 693 642 816 18 930 555 676 988 417 348 485 163 507 288 214 603 142 787 240 445 253
double 46 2.09 1.66 7.09 6.94 3.17 8.2 2.22 9.66 1.02 4.8 1.7 7.38 2.53 5.56 1.85 4.75 8.95 0.93 6.27 4.13 1.69 7.32 7.78 8.21 8.02 5.8 0.15 6.98 0.76 2.15 8.27 1.3 9.07 4.77 9.44 4.32 5.98 7.97 0.71 2.8 7.1 5.61 4.24 9.73 6.74 7.61
double 46 0.48 2.2 9.34 8.32 5.24 4.86 3.17 6.94 1.87 5.86 9.87 7.28 3.71 4.79 5.65 4.3 5.15 4.23 4.35 0.55 0.77 2.31 2.78 3.79 5.47 8.31 7.13 1.81 1.78 7.39 9.26 3.26 6.73 0.63 0.7 9.4 5.07 7.35 5.81 2.27 0.03 0.83 2 0.13 8.19 6.86
double 49 4.68 0.71 0.17 4.62 2.52 6 9.05 8.39 4.6 1.72 9.57 4.77 0.12 2.93 2.53 4.39 5.96 6.84 6.28 4.8 7.37 5.04 5.67 0.39 7.89 1.8 6.15 4.93 6.21 1.33 2.04 2.14 4.91 2.28 3.67 3.54 5.56 2.06 1.91 9.21 7.25 9.41 5.46 9.72 5.5 1.16 4.84 8.64 5.93
double 49 8.8 2.76 9.7 0.02 5.27 6.17 5.78 9.68 2.91 4.53 2.67 2.69 8.62 6.61 3.23 4.32 1.7 1.32 0.89 0.41 5.3 4.45 3.31 8.7 0.56 7.9 6.2 2.37 0.64 1.13 2.65 6.47 1.77 9.88 8.75 5.82 3.52 3.78 5.59 6.85 6.76 8.13 4.71 1.59 6.21 2.36 3.99 2.19 8.41
double 49 2.63 9.86 6.67 2.87 7.23 4.09 1.35 0.88 7.62 6.5 8.72 4.84 8.41 9.04 7.08 5.79 8.86 2.42 8.05 3.05 8.59 2.79 1.82 8.92 6.2 2.09 9.95 1.34 2.68 5.87 6.42 6.01 1.17 1.2 6.82 5.32 4.86 1.18 4.74 9.98 4.31 2.3 9.48 5.67 3.22 3.9 5.09 3.56 2.65
int 50 595 430 116 226 888 840 412 552 730 887 314 706 394 72 126 503 791 605 193 283 130 736 343 300 280 427 830 635 815 896 456 970 984 671 48 508 559 312 132 287 625 841 849 492 558 944 253 701 13 665
double 51 9.35 6.44 2.19 0.49 2.44 4.68 3.41 4.32 7.73 9.88 2.78 8.11 4.81 5.68 5 9.72 7.75 1.72 0.44 2.91 6.73 2.22 1.2 7.88 8.53 9.67 6.45 3.39 5.48 8.32 0.42 5.67 9.17 4.21 3.36 2.66 1.6 7.59 1.87 7 0.33 4.03 2.56 1.34 4.91 9.48 7.13 5.63 0.88 3.8 1.99
int 52 196 847 185 948 268 699 275 424 200 620 686 740 902 485 274 918 457 639 714 455 165 630 712 435 93 883 791 419 44 30 407 263 286 43 635 924 904 841 440 721 472 107 739 755 218 903 317 483 216 4 76 675
int 52 232 506 394 724 479 294 220 870 100 465 935 849 702 684 989 577 562 787 343 517 515 273 254 180 696 550 276 428 373 68 109 741 432 676 172 558 291 968 914 80 322 188 127 934 735 425 930 206 345 709 954 284
double 52 7.27 3.83 2.53 8.32 7.06 0.1 8.48 1.49 4.73 2.02 9.68 9.63 2.37 1.41 6.07 1.17 3.39 8.7 1.42 2.84 9.93 9.56 9.21 7.62 1.28 8.79 3.29 0.63 6.22 6.63 7.63 2.28 7.6 9.52 7.12 5.81 9.01 7.9 1.98 6.35 5.17 8.14 0.92 5 5.35 1.38 8.34 6.31 1.55 0.95 3.28 5.11
int 53 518 772 744 620 617 763 277 858 533 263 360 958 811 391 842 924 251 94 278 403 26 826 553 876 468 347 336 60 637 222 868 605 369 551 389 831 504 612 107 43 959 921 941 517 862 118 519 641 672 913 84 644 76
int 54 37 417 557 135 40 955 701 409 100 689 415 299 746 441 685 161 576 61 310 607 643 244 389 312 405 789 616 385 250 332 72 954 297 992 638 180 826 725 513 583 266 148 562 800 571 426 296 14 745 727 464 515 168 216
double 54 3.98 2.57 4.36 9.15 4.94 0.32 2.91 1.22 4.52 0.39 6.12 0.86 3.04 2.28 7.67 3.08 5.65 7.18 7.17 1.4 7.06 8.88 5.48 9.13 3.71 9.63 8.25 8.84 4.09 6.03 4.19 5.24 9.49 2.33 5.85 5.82 2.05 7.05 2.47 1.32 6.88 8.75 6.52 9.19 2.98 0.69 9.08 6.29 3.54 6.05 5.55 1.69 0.08 4.54
int 54 992 260 188 629 345 120 601 508 192 131 960 737 86 667 755 50 298 524 102 469 19 320 518 299 618 775 25 65 757 547 843 557 23 600 828 403 268 744 531 882 870 428 832 796 154 262 334 305 937 931 214 287 664 974
int 55 596 651 962 188 537 845 480 115 993 502 950 525 705 585 597 467 257 732 775 54 812 98 948 26 404 542 428 150 959 850 769 102 934 468 631 285 248 891 219 228 304 533 64 94 34 430 507 588 640 14 233 352 746 549 940
int 56 956 472 437 12 822 902 491 247 897 879 545 517 84 374 482 497 645 281 635 397 542 845 136 286 507 893 58 590 515 541 15 852 404 949 462 300 107 200 275 935 586 80 361 285 971 694 185 702 355 199 523 157 371 99 258 627
int 60 496 942 321 67 675 605 39 350 131 759 948 701 568 901 748 821 514 106 76 773 642 868 164 88 965 209 867 75 108 193 353 211 199 195 742 677 367 432 775 163 214 86 898 442 517 648 345 853 734 185 381 96 542 863 47 475 429 672 907 744
int 61 889 32 815 508 995 604 372 171 533 876 800 418 767 364 110 250 242 413 324 409 635 911 940 453 12 572 252 202 481 278 627 563 844 42 621 853 520 830 614 186 631 499 15 617 747 987 810 76 407 469 837 902 978 521 262 178 80 715 276 561 48
double 61 2.22 6.61 9.6 1.83 5.3 0.75 5.26 1.95 2.06 0.76 4.27 2.96 3.39 9.69 0.34 1.81 3.05 3.45 0.97 4.33 2.64 0.13 4.55 6.04 7.99 0.62 6.9 0.11 2.5 8.57 8.4 2.87 4.93 1.2 7.24 3.17 5.51 8.07 1.73 4.8 4.89 5.45 0.14 0.38 1.16 3.62 0.05 2.4 1.18 1.49 0.82 8.28 7.56 3.9 4.3 3.57 9.56 4.66 5.79 7.54 3.58
int 62 777 623 467 848 110 256 760 596 665 385 327 679 21 115 456 983 42 82 125 654 187 343 468 849 305 3 690 629 651 26 976 184 412 864 982 587 496 335 915 609 698 183 994 102 459 275 689 433 508 92 410 223 13 20 40 714 154 546 518 733 448 227
double 62 6.22 5.25 1.89 5.12 1.97 7.87 2.43 3.41 6.77 4.07 7.36 9.12 5.67 8.04 7.18 9.18 6.16 0.74 2.34 0.54 1.9 5.79 3.42 6.27 0.85 6.36 3.13 4.29 6.23 7.93 7.43 4.21 2.75 1.43 8 8.88 0.95 5.8 6.4 3.58 5.17 8.77 2.39 8.78 0.69 7.81 9.67 9.1 0.17 2.66 7.12 2.72 4.24 7.76 1.45 8.45 1.75 5.18 4.36 4.01 5.04 5.45
double 63 3.84 3.78 0.85 8.32 1.67 5.1 4.04 1.3 2.42 7.72 3.21 4.33 8.48 3.5 7.68 2.79 5.67 2.04 1.49 7.56 7.86 5.24 3.54 6.25 2.21 1.27 0.9 7.59 9.71 8.24 6.12 0.17 6.71 3.61 4.71 0.89 4.56 2.78 1.41 9.62 8.59 1.21 0.08 6.83 8.76 8.6 9.64 8.78 3.07 3.38 3.9 8.04 0.55 1.65 5.82 6.49 5.16 2.69 0.42 0.68 5.36 7.11 5.85
double 63 5.74 0.67 8.54 3.2 0.23 8.23 0.61 0.13 0.84 7.02 2.4 0.12 5.18 1.18 0.77 7.9 5.04 0.35 1.73 3.37 1.12 7.33 6.69 0.8 0.93 7.39 7.92 4.83 8.06 5.81 1.1 3.02 3.29 8.75 1.15 3.3 5.49 6.91 7.83 5.22 3.61 5.21 1.64 5.93 2.48 7.23 0.54 7.36 8.87 8.57 0.42 0.22 1.3 6.78 6.33 2.03 8.59 3.4 4.3 8.5 5.73 5.95 2.5
double 65 8.6 3.19 6.46 5.92 1.04 4.66 2.86 5.24 1.06 5.29 9.69 5.4 4.39 8.08 9.48 8.58 0.52 9.66 0.39 0.74 0.93 5.77 0.58 6.94 6.24 9.95 1.93 6.32 6.2 9.57 9.07 8.32 3.43 9.97 3.07 6.68 4.67 1.17 8.5 3.92 8.31 1.82 0.91 8.44 5.46 3.95 1.52 5.96 4.64 9.12 3.94 6.84 2.57 5.58 7.43 9.59 5.8 4.93 4.44 6.95 2.63 5.98 5.33 1.27 1.1
int 65 750 293 925 219 632 61 862 966 129 372 898 829 517 765 982 458 99 302 487 325 317 221 188 678 553 489 450 396 300 453 239 746 410 951 809 41 893 980 685 909 259 643 28 822 532 409 488 598 492 783 613 821 845 894 78 208 364 800 807 77 580 947 977 495 116
int 67 156 1 941 788 610 351 24 986 880 811 617 245 590 665 561 905 208 89 706 215 987 355 415 838 467 970 551 406 516 915 472 964 372 540 759 151 228 61 340 225 962 20 519 155 14 893 671 604 633 267 17 5 275 684 90 261 495 932 976 687 562 931 799 53 515 461 12
int 67 127 740 550 859 377 726 32 654 202 133 993 571 961 81 729 468 663 743 71 349 587 732 258 987 367 975 265 346 295 160 351 431 522 556 707 483 7 582 11 920 85 162 395 741 353 559 862 213 955 723 466 22 184 226 735 841 710 800 243 619 67 361 575 974 106 335 51
int 68 855 504 315 55 415 727 379 779 253 4 17 819 64 301 134 144 994 800 468 122 966 465 769 940 725 568 560 50 989 538 701 498 507 692 654 723 413 436 28 816 262 193 402 205 683 685 648 287 741 487 88 653 945 513 175 647 958 446 302 590 145 387 279 117 763 925 24 266
double 69 1.12 5.12 9.87 0.53 1.8 4.88 9.18 7.77 1.26 1.48 1.02 9.75 6.48 9.2 1.72 5.51 8.38 0.79 0.69 3.78 8.66 8.03 9.37 3.64 7.9 9.52 5.31 0.22 8.63 4.05 5.4 9.51 6.99 4.07 6.14 3.67 7.43 6.23 8.37 3.32 0.87 2.13 2.91 5.16 7.01 3.54 6.07 0.49 6.17 7.41 8.86 4.31 0.37 2.84 3.06 5.54 6.66 4.9 7.93 5.33 2.31 7.63 6.77 3.97 8.29 0.02 8.84 8.7 1.95
double 70 0.28 4.65 4.14 6.43 1.2 6.14 8.57 4.96 9.47 4.33 2 1.58 6.32 3.47 3.94 3.89 1.32 2.04 3.1 7.73 0.17 4.11 3.05 5.16 5.27 2.48 6.11 0.62 5.33 1.69 6.08 6.85 9.82 4.36 7.07 4.42 7.18 4.74 6.07 9.41 2.9 4.85 4.44 3.12 0.9 6.88 6.21 9.93 0.16 9.83 5.67 6.31 2.97 6.02 0.87 0.05 3.63 0.03 5.43 2.51 0.38 9.59 6.53 5.45 9.63 6.36 3.64 9.24 0.49 7.08
int 71 801 500 793 916 229 925 425 795 953 44 829 468 246 529 941 548 629 686 619 79 704 898 588 639 182 875 719 116 986 466 894 244 578 240 626 877 533 408 562 883 389 615 905 767 538 343 123 319 567 949 265 103 777 913 928 33 946 625 605 769 678 762 451 978 514 80 751 238 382 39 731
double 72 0.83 2.91 5.03 6.19 5.01 6.76 1.9 4.03 9.42 2.99 0.22 6.47 8.4 5.71 3.38 0.16 9.43 4.26 0.97 8.58 6.31 8.5 9.93 2.05 9.56 1.74 2.43 7.57 7.04 7.38 6 0.27 4.05 0.15 7.69 3.9 9.82 4.1 4.13 4.11 9.21 4.72 0.13 4.44 5.88 4.65 6.35 7.1 8.41 3.42 5.61 2.77 6.74 8.67 3.43 3.32 6.99 1.73 9.88 5.63 5.11 9.11 7.42 6.83 0.87 6.32 3.13 2.12 3.39 2.8 5.6 7.28
int 72 192 455 400 545 255 780 233 630 609 887 804 719 131 618 513 827 536 37 360 798 542 534 219 865 963 591 912 110 631 672 329 991 215 615 86 636 577 825 852 291 378 894 152 223 458 818 581 464 52 544 718 26 665 401 612 36 573 307 226 116 248 372 71 810 183 996 333 988 539 811 568 114
double 72 4.51 9.93 2.6 4.58 1.12 2.9 6.49 8.1 1.44 9.79 7.26 4.87 5.8 8.09 3.78 0.01 0.67 8.61 3.37 9.1 6.71 3.94 2.5 3.24 6.3 8.67 1.33 5.67 5.01 5.68 7.57 0.75 8.87 0.35 6.41 4.7 3.92 5.22 7.06 7.71 6.38 7.04 2.11 1.67 6.62 9.67 5.98 0.96 4.4 6.75 0.47 4.64 7.47 5.69 4.97 5.46 3.27 6.89 1.83 5.44 1.59 4.62 6.96 6.55 5.66 1.51 7.73 2.88 5.64 9.16 7.92 3.86
double 73 0.58 9.83 0.87 4.2 9.23 2.49 0.23 3.93 9.73 6.94 7.66 6.05 0.38 0.56 7.56 8.44 4.86 4.43 1.82 1.16 0.95 1.26 8.64 5.95 2.64 2.24 1.92 7.33 2.04 4.26 4.79 1.62 2.38 2.4 6.32 7.55 2.26 4.37 3.9 3.08 2.61 3.15 6.17 6.34 7.79 6.21 9.07 0.89 6.28 1.67 5.43 4.8 3.46 1.07 6.85 6.57 1.85 5.2 1.04 1.09 4.69 6.56 5.45 1.84 0.81 0.07 8.71 9.54 5.85 9.75 6.83 3.85 9.29
int 79 767 923 119 583 157 971 144 841 192 24 374 262 566 641 541 110 136 880 197 513 345 476 424 907 133 112 711 183 390 242 765 549 81 189 203 722 838 386 217 656 616 895 905 849 658 484 614 822 785 729 665 496 202 900 396 543 668 185 63 346 587 667 360 954 776 584 631 990 801 686 760 810 835 285 592 41 648 22 4
int 80 512 292 463 962 645 574 52 54 365 661 413 156 862 903 21 816 588 935 922 905 76 403 349 844 287 419 637 460 826 599 330 441 291 32 181 114 701 726 61 939 576 681 77 25 549 906 690 699 949 258 521 55 459 138 996 838 126 97 606 331 267 629 582 572 633 328 581 520 998 317 734 934 943 496 937 362 388 424 30 930
int 81 412 85 909 284 501 698 777 187 211 200 265 756 922 236 689 663 195 474 917 509 419 962 369 686 437 862 817 261 958 739 731 590 38 938 658 399 425 470 848 735 871 571 173 709 568 555 508 217 279 490 428 607 113 963 40 660 140 706 959 856 553 309 178 506 955 347 723 612 696 793 353 844 747 606 975 596 605 415 378 530 481
double 82 2.86 4.47 7.6 1.09 8.43 3.93 8.31 4.11 2.62 2.53 9.4 9.79 7.49 9.3 2.14 9.8 1.19 4.55 1.98 4.56 5.56 3.88 9.6 4.71 1.74 0.3 1.25 5.21 6.52 3.74 7.43 4.93 4.98 3 8.51 0.14 9.75 5.25 0.97 4.21 4.29 7.18 5.09 4.79 8.38 4.92 4.65 0.82 0.04 6.24 6.62 3.55 8.34 9.35 5.88 1.7 3.84 4.54 3.33 0.89 3.73 9.19 5.92 3.98 0.4 8.25 2.27 7.92 3.03 6.17 2.67 5.44 0.26 1.38 9.86 2.93 3.25 2.08 8.94 5.65 0.77 2.32
double 83 4.59 5.95 0.22 9.14 8.47 6.06 4.03 1.75 4.34 0.35 9.66 5.07 3.51 5.64 1.54 7.81 6.07 1.15 2.46 6.14 6.83 9.45 1.22 6.91 6.89 8.1 5.48 1.89 9.27 2.2 7.87 7.82 1.33 8.55 1.26 6.82 5.61 8.78 5.92 9.93 1.74 2.14 7.74 6.97 0.24 9.71 7.14 4.18 0.78 8.31 2.59 7.99 6.58 5.89 2.27 3.26 4.61 4.96 0.09 7.55 9.62 7.66 6.85 0.59 0.23 8.86 5.69 8.53 8.06 4.93 2.52 2.4 6.92 5.22 4.57 1.5 7.7 2.29 8.7 8.29 0.99 6.25 9.51
double 83 4.49 3.3 3.59 0.31 1.4 5.82 9.46 2.56 1.65 3.66 1.61 5.4 2.29 6.12 0.28 7.27 1.25 9.13 8.35 2.3 9.4 8.71 3.71 3.31 9.04 0.32 4.06 4.36 2.92 2.39 9.39 7.59 7.04 5.7 3.94 4.96 8.82 3.92 9.79 8.14 5.95 5.84 4.23 7.1 5.47 3.36 2.31 6.91 2.44 0.74 9.66 9.58 7.36 0.63 1.53 5.83 4.46 9.75 0.38 1.51 7.09 6.16 1.99 5 5.18 3.06 4.74 6.62 7.89 0.6 8.26 7.02 4.82 8.5 6.98 9.42 8.73 2.73 4.3 5.85 9.64 9.06 2.15
int 85 78 372 444 76 967 707 14 563 902 54 109 847 161 846 243 819 855 849 617 894 930 260 924 157 885 533 134 841 258 437 261 178 928 731 714 39 146 560 390 997 548 153 600 106 158 422 897 913 839 973 388 757 346 956 460 689 116 2 534 82 744 416 119 620 441 419 805 733 136 465 213 262 789 423 942 475 922 944 549 488 748 48 453 128 499
double 85 3.3 4.22 3.88 3 7.44 2.26 1.29 8.39 6.88 9.94 7.46 3.73 5.8 1.17 2.74 7.86 8.66 0.52 9.32 6.69 3.25 8.49 5.99 5.73 8.41 9.8 4.47 9 2.99 2.91 2.7 1.02 6.87 0.64 4.71 7.07 4.09 6.01 4.62 1.3 2.63 2.24 4.3 1.49 7.96 5.09 9.7 0.23 9.29 1.63 4.24 4.07 8.23 5.67 3.6 6.11 3.92 3.67 5.36 2.11 4.83 1.78 8.1 7.42 3.63 0.63 0.07 0.5 5.2 3.22 1.19 2.13 1.05 6.59 4.76 0.34 1.71 9.95 1.61 7.98 8.51 1.32 5.18 0.51 3.7
int 86 869 44 51 74 329 484 935 482 241 690 992 964 831 855 839 118 818 129 639 335 80 350 222 305 813 33 136 750 531 98 293 420 479 300 6 973 168 608 77 868 489 726 524 761 445 894 25 307 303 539 189 309 372 711 89 571 658 299 8 233 601 338 502 943 28 73 54 731 702 765 798 403 925 457 301 609 209 464 175 92 945 981 177 491 200 654
int 87 891 221 680 242 80 705 37 168 636 147 950 658 161 790 984 522 412 946 744 901 799 716 129 671 937 138 28 285 663 787 73 126 270 189 429 133 411 146 903 842 312 469 568 704 836 117 219 389 190 998 696 220 860 738 50 779 510 727 44 390 617 519 83 578 603 122 564 557 620 430 717 444 859 523 525 534 679 764 289 385 171 445 793 604 742 918 554
double 89 7.67 7.92 1.44 8.06 0.28 1.19 6.42 3 8.15 3.57 4.93 8.1 2.94 6.47 2.2 2.88 2.74 8.58 6.23 3.53 2.03 7.01 2.87 9.38 7.91 9.93 9.17 2.12 4.63 5.85 0.97 2.25 5.2 7.06 1.55 0.94 3.92 6.71 8.97 6.2 5.83 3.8 1.79 0.5 5.84 3.71 3.87 3.95 9.58 6.02 4.31 4.16 2.23 1.27 4.52 8.84 2.68 2.54 1.64 1.69 3.02 6.54 2.71 5.8 0.44 3.59 1.28 7.95 8 8.5 7.75 1.26 5.06 9.68 4.72 7.59 9.94 4.75 7.76 7.05 5.24 6.83 4.17 9.02 2.47 8.86 9.79 4.81 8.82
int 89 345 71 668 985 153 896 178 762 674 975 501 953 864 908 337 188 438 531 389 95 486 653 78 601 944 769 655 796 570 424 190 237 380 477 635 90 314 576 540 951 467 597 638 716 633 782 709 524 697 155 460 910 893 322 123 230 858 6 254 68 404 886 763 506 304 547 391 446 249 958 258 21 505 195 754 275 8 714 440 941 819 898 526 96 35 593 918 485 544
double 90 4.21 3.74 1.16 7.57 7.34 8.54 6.13 9.42 8.15 5.12 5.56 7.94 2.64 9.21 9.97 1.26 7.98 0.57 5.76 3.51 7.69 2.71 4.87 9.15 2.91 0.89 6.25 7.76 8.09 3.21 4.86 2.06 0.18 6.39 2.39 3.88 4.48 2.89 2.65 5.57 1.82 5.79 1.32 9.11 4.82 8.51 2.82 8.33 5.04 0.97 2.53 0.17 9.3 0.49 4.73 4.16 6.67 8.14 2.1 8.68 9.72 4.4 0.81 0.3 7.48 0.91 3.94 3.03 0.23 7.85 3.22 5.49 9.53 5.8 4.44 0.86 7.75 7.31 9.05 2.33 5.52 4.76 3.17 8.73 4.32 9.67 9.65 0.69 2.21 0.95
int 90 903 131 804 946 402 696 367 496 952 81 971 644 45 345 489 412 892 520 70 243 847 902 194 748 778 516 118 535 788 358 228 861 926 990 878 414 560 629 64 519 602 213 101 83 55 693 820 790 702 569 690 79 160 691 948 111 807 47 389 642 403 210 862 960 304 155 178 686 882 326 185 325 10 396 984 23 177 362 110 283 675 676 82 511 620 789 554 490 263 726
int 90 203 836 778 259 48 853 22 307 275 799 725 588 724 923 96 114 971 829 324 442 459 300 348 676 975 215 241 183 639 752 1 959 323 669 273 914 810 642 441 880 760 903 463 953 919 769 846 926 404 872 408 780 421 90 961 56 575 139 434 856 399 842 71 998 955 523 910 524 416 378 312 823 890 168 335 811 538 72 577 700 981 282 336 432 288 330 394 54 53 879
int 92 970 958 721 849 238 816 998 319 267 582 269 911 824 772 497 585 703 710 558 942 249 34 578 59 604 423 779 91 459 161 545 727 244 484 373 332 90 81 777 440 112 825 80 975 932 723 523 702 859 356 823 910 66 339 674 937 909 634 394 540 99 864 240 919 639 193 408 378 325 412 156 598 580 920 588 79 380 881 762 553 487 92 472 914 349 49 913 138 292 120 166 749
int 94 676 109 482 564 146 975 472 912 241 650 231 392 420 837 515 228 936 28 642 79 583 33 964 631 477 982 121 329 352 483 14 270 523 884 165 573 205 873 532 366 55 37 599 488 1 122 181 877 841 633 881 819 636 227 335 327 137 405 291 454 777 927 602 108 612 287 218 171 225 18 807 764 692 545 869 522 176 718 813 25 261 294 537 323 575 211 226 111 340 509 334 501 617 224
double 94 7.95 6.48 0.96 8.9 8.78 8.72 2.1 7.09 5.86 9.47 1.11 8.99 6.25 0.3 8.12 1.27 9.22 5.7 9.26 2.04 1.86 3.41 5.11 0.91 6.02 2.67 0.68 2.24 8.48 6.67 4.43 9.29 9.09 0.78 0.05 5.41 7.85 3.98 5.93 8.25 4.16 5.68 1.26 0.73 6 5.83 6.32 5.72 8.91 1.22 4.34 5.71 3.21 8.68 3.44 2.65 0.27 9.77 0.45 4.39 9.19 1.33 1.66 6.47 2.82 6.04 5.9 7.91 1.41 1.13 7.71 1.2 4.37 4.23 6.6 1.59 8.52 1.37 7.39 2.45 4.6 7.99 2.27 9.75 6.86 0.15 5.01 1.88 5.45 4.24 7.53 7.23 0.72 3.5
double 94 2.26 7.12 3.8 0.67 2 5.13 8.13 9.29 7.07 1.38 8.48 5.93 0.27 4.83 0.11 5.68 8.82 0.08 3.77 3.76 7.91 6.96 6.79 2.75 6.76 0.75 3.9 2.21 4.4 5.24 5.7 2.14 0.69 3.28 1.88 4.25 3.38 6.1 8.02 5.29 3.02 0.26 5.56 8.35 3.94 6.24 0.22 0.1 0.99 5.06 2.17 2.09 7.64 4.56 0.78 8.89 4.71 5.31 6.68 2.46 2.91 6.49 7.92 8.76 3.42 4.58 0.49 8.61 7.85 5.53 2.69 0.51 7.23 7.81 5.86 4.19 5.21 1.27 1.37 5.46 6.5 4.7 6.95 0.14 9.59 1.19 2.55 7.51 8.15 7.1 0.65 9.1 9.18 6.65
int 95 958 95 663 70 361 59 272 822 867 979 383 909 179 947 567 353 275 864 607 169 716 593 961 691 452 555 988 985 954 162 133 84 381 773 782 972 139 625 655 465 835 184 998 435 104 254 543 427 916 927 252 91 355 393 419 599 618 264 488 780 402 368 519 859 204 37 637 801 239 424 573 136 319 83 698 858 499 164 613 561 763 126 363 789 260 274 545 374 297 303 911 813 681 323 654
int 95 516 680 489 619 623 179 430 857 892 34 711 107 638 578 789 233 843 370 252 760 257 859 380 228 326 239 32 864 644 387 949 818 687 930 480 524 774 262 515 177 158 214 376 802 290 898 518 270 964 127 416 432 74 536 303 405 403 255 900 604 617 707 685 629 750 835 799 769 945 539 94 700 316 944 670 721 996 947 610 514 781 29 150 104 27 401 350 231 112 612 923 53 697 998 701
double 95 7.32 9.9 5.34 4.2 8.68 1.05 5.21 0.7 0.89 6.25 1.35 8.86 4.56 4.66 2.83 5.27 5.06 7.16 4.7 7.72 4.37 9.42 4.24 5.93 3.91 5.96 2.74 2.11 6.46 9.83 7.8 6.78 0.84 3.45 6.68 5.16 7.5 0.65 1.12 4.35 5.91 5.53 8.64 0.07 7.94 3.19 9.31 8.03 4.98 4.41 4.96 5.5 6.35 5.87 3.62 9.3 6.44 4 7.04 0.24 6.65 5.1 0.81 5.11 9.78 6.67 3.77 3.39 6.79 7.53 2.17 2.13 1.82 8.57 8.76 7.43 8.9 8.83 8.67 8.17 2.98 0.17 5.98 5.82 9.75 4.69 0.85 6.84 9.95 6.81 3.3 1.78 0.77 2.99 1.99
int 96 150 384 442 645 418 559 380 823 675 231 652 445 927 156 679 953 713 473 148 962 842 318 90 952 552 569 120 179 913 334 589 149 774 520 791 718 297 814 29 366 644 889 622 30 758 991 822 705 183 924 932 309 858 525 777 420 815 113 937 461 954 496 578 441 105 268 829 77 856 200 769 210 808 634 94 993 403 641 59 116 987 610 933 240 339 56 192 870 488 223 508 365 458 543 106 617
int 99 422 518 647 203 426 161 974 33 292 565 353 862 153 448 320 798 750 131 182 314 169 526 736 206 266 874 718 622 84 50 103 256 648 931 778 289 181 413 334 16 611 846 965 670 52 3 228 916 69 842 280 666 29 285 703 34 539 943 669 713 20 174 582 671 279 115 581 813 12 154 456 606 834 30 163 668 779 687 891 596 546 799 168 360 872 35 795 796 419 892 970 944 81 676 742 318 215 304 702
double 101 7.01 8.96 3.67 3.27 5.86 2.68 3.3 7.35 3.29 7.19 3.15 8.18 1.02 1.11 6.31 2.7 4.81 2.49 1.17 0.4 2.72 9.88 1.04 9.18 2.06 7.04 0.62 8.44 3.79 2.51 8.32 6.03 3.49 9.06 4.69 6.74 8.15 7.53 4.11 5.38 1.87 9.77 5.12 0.96 2.48 3.63 4.34 3.53 7.79 0.98 0.43 4.93 4.24 3.41 4.61 6.15 1.66 4.62 8.93 4.75 8.16 3.6 4.77 6.81 3.11 3.01 2.33 1.85 5.48 2.19 0.5 1.73 0.82 1.49 1.35 6.37 0.09 8.08 5.78 1.78 6.45 1.58 8.39 7.14 1.63 1.98 4.63 0.55 8.45 6.65 3.39 7.03 1.91 7.71 8.98 6.28 9.87 9.23 3.96 0.17 6.42
double 102 2.97 6.49 1.58 1.39 1.09 3.06 5.49 9.88 4.81 9.53 1.36 6.09 2.98 2.65 2.37 8.69 3.56 2.56 8.11 5.24 0.28 8.21 6.95 2.51 8.33 9.37 4.5 1.82 2.67 3.85 2.22 0.2 3.19 9.27 1.61 8.92 9.18 0.91 7.32 5.25 4.29 6.48 2.46 0.52 5.99 4.78 4.41 7.84 7.97 7.12 6.82 2.8 5.29 7.27 5.45 7.13 3.18 0.58 4.21 1.99 0.96 4.89 7.37 5.79 2.1 9.39 5.95 8.75 4.73 0.23 1.9 5.08 8.84 2.2 2.3 4.24 1.59 4.61 6.6 4.65 7.8 8.29 8.59 0.3 9.64 3.08 2.79 1.17 2.74 7.79 9.2 1.78 0.22 3.42 0.38 7.04 9.93 0.12 8.35 0.56 3.58 1.15
int 102 254 394 839 307 376 948 1 336 421 944 362 585 878 476 597 657 509 577 987 956 375 393 65 388 612 824 993 268 533 81 31 232 382 961 250 919 823 847 398 952 694 173 348 379 879 294 653 885 740 271 402 333 939 387 968 241 321 274 846 164 536 731 937 891 252 130 609 36 935 766 389 833 733 40 954 789 62 408 285 390 539 52 544 976 107 892 411 184 318 56 427 69 815 551 490 567 5 329 950 756 463 582
int 102 113 568 499 639 581 891 287 783 618 222 229 663 671 488 404 425 328 426 589 211 70 587 448 917 322 105 83 816 821 122 71 524 180 158 936 191 723 998 231 538 905 486 794 735 316 811 26 787 662 82 135 648 197 354 261 624 54 567 78 147 664 769 401 782 424 861 645 503 73 320 818 838 630 307 706 551 272 302 908 498 760 922 843 688 279 310 763 118 365 319 45 163 584 2 492 611 974 927 95 254 205 775
double 104 6.38 9.58 3.04 9.2 4.22 9.65 4.38 2.58 9.8 2.84 0.81 1.88 9.28 9.59 5.16 0.47 8.38 3.16 4.81 6.43 0.93 5.06 9.04 7.93 7.42 6.87 9.27 1.6 0.63 1.63 3.41 1.03 4.71 5.74 5.07 8.73 1.83 9.57 1.31 7.11 1.47 1.56 5.22 4.41 3.43 7.76 6.63 5.55 2.51 8.29 5.42 5.99 8.68 5.29 8.04 1.29 7.06 9.42 2.13 5.98 4.28 7.78 2.73 9.1 2.04 4.23 6.48 7.3 1.21 1.2 1.07 0.24 3.62 4.68 4.57 6.99 9.86 5.17 2.78 8.64 3.69 0.98 4.25 4.62 1.23 1.5 5.43 4.4 1.28 0.71 1.7 8.12 5.95 7.32 9.08 9.32 9.97 6.95 8.37 5.39 3.63 6.78 9.38 6.03
int 108 371 54 720 559 80 686 946 643 587 638 933 331 393 361 962 462 91 628 967 867 473 605 547 823 213 179 860 819 113 802 608 991 375 978 134 239 43 373 810 606 446 579 148 619 618 798 804 19 983 604 882 98 757 979 97 610 566 201 386 848 292 998 275 481 310 917 396 190 570 698 36 279 691 538 909 248 752 584 372 586 688 524 198 546 159 10 180 49 575 832 642 181 301 93 144 46 77 646 877 63 250 200 258 417 843 449 257 722
double 108 8.78 1.09 7.66 1.25 1.9 5.3 5.86 3.07 6.03 5.09 0.67 9.86 6.13 9.89 0.13 0.91 2.79 2.96 3.87 6.42 3.2 2.81 0.4 3.84 7.25 9.25 0.83 5.68 9.84 9.12 1.83 1.92 2.69 6.05 1.52 9.18 3.1 5.56 2.22 8.24 4.78 2.86 4.61 6.31 6.78 1.38 6.54 3.32 5.61 2.27 9.9 6.75 5.29 1.98 7.98 1.3 0.3 1.33 4.36 5.69 7.42 2.25 3.65 4.4 6.24 6.98 3.09 2.75 5 4.5 3.01 9.57 8.42 3.72 8.03 6.8 6.68 3.3 1.36 9.8 1.78 2.14 1.8 1.14 5.48 1.1 5.75 9.03 3.55 7.49 5.49 0.26 5.18 3.85 1.71 9.53 1.5 0.74 6.59 1.07 7.43 0.85 0.63 6.39 4.63 4.76 9 0.31
