9 6 10 8 12 4 6 3
53 9 16 5 6 3 11 4 17 9 8
46 13 19 16 25 10 2 24 18 14 8 15 21 12 23
44 14 27 26 21 14 12 11 7 18 5 4 8 13 15 9
77 14 11 13 5 6 8 25 23 20 19 18 10 3 16 1
59 15 2 24 4 21 14 3 17 13 7 5 30 23 15 6 18
60 17 25 12 6 23 9 24 29 17 13 19 10 7 28 30 11 31 27
118 17 28 2 21 15 10 7 20 1 23 5 8 6 3 26 12 31 18
18 17 16 6 26 8 33 11 31 19 22 20 13 3 21 2 12 34 28
94 19 28 17 4 14 37 30 19 18 36 20 12 38 13 31 11 22 24 34 3
118 20 6 4 24 17 35 15 23 19 30 3 27 33 25 2 26 21 29 16 20 11
150 21 38 22 3 39 28 13 23 29 33 24 8 32 5 10 21 17 25 37 34 31 12
154 22 19 12 32 26 35 25 8 28 41 37 5 36 29 43 30 14 23 24 15 16 11 4
159 24 26 29 4 11 31 15 19 22 25 44 43 32 36 45 37 33 6 48 13 41 5 24 39 7
211 25 22 27 24 48 16 29 38 21 8 50 35 13 17 36 12 25 37 31 10 7 19 46 28 23 43
162 26 41 9 30 39 27 37 13 16 6 24 8 31 32 4 47 42 26 35 29 17 19 23 1 2 43 20
72 27 29 27 8 47 7 6 33 39 4 41 12 24 17 11 19 44 34 48 10 32 43 5 54 22 30 21 23
117 28 53 12 13 9 23 38 54 16 2 31 46 5 43 22 56 47 30 19 41 27 15 37 6 51 52 42 32 33
366 29 41 2 58 45 19 53 49 20 35 9 4 48 56 40 11 1 12 42 37 34 14 57 15 16 10 13 33 55 21
147 29 45 48 35 44 12 6 13 42 37 3 46 52 23 10 40 56 49 2 41 29 11 20 14 36 25 27 4 24 17
133 29 6 41 44 20 29 18 15 50 24 14 49 37 4 9 8 25 23 27 35 51 34 33 46 53 17 32 16 28 10
106 30 51 4 12 52 6 2 31 54 47 26 60 11 5 42 1 23 37 49 15 10 38 56 29 45 8 40 41 57 50 13
181 31 17 8 26 10 60 21 14 11 33 13 12 9 45 3 22 47 19 48 27 25 51 30 50 37 56 58 46 35 41 7 57
238 32 16 55 59 52 13 7 47 1 15 35 24 2 38 14 41 54 8 64 29 23 63 40 48 43 20 33 60 28 44 49 3 4
234 33 55 20 25 7 43 50 52 59 15 9 18 31 57 10 17 35 37 36 41 16 24 21 54 34 32 61 65 1 33 44 11 14 38
94 34 45 20 65 24 55 44 66 41 60 43 46 58 9 51 42 32 1 40 36 68 29 56 34 25 6 26 35 57 5 63 33 49 14 39
145 35 32 16 63 65 57 35 58 51 19 11 44 54 1 61 53 47 64 46 9 37 4 50 17 69 5 22 36 48 27 31 28 15 40 18 3
235 36 23 68 36 62 21 32 4 29 5 35 15 18 33 65 27 60 10 44 26 16 1 54 24 72 42 38 63 11 57 43 41 14 2 47 17 45
79 38 27 26 38 47 52 73 42 1 13 5 74 59 45 63 61 10 48 14 32 8 65 51 6 4 39 36 57 30 33 43 41 60 2 9 19 46 53 68
148 40 54 23 13 38 7 39 28 20 62 44 6 69 64 27 22 17 65 34 80 42 48 61 4 5 11 59 47 30 16 63 31 18 57 68 37 46 1 10 40 45
306 41 63 22 62 3 20 36 13 39 72 18 43 2 37 65 15 48 1 45 32 61 25 73 81 44 69 35 70 26 60 59 75 19 66 76 23 33 16 9 77 12 6
420 42 23 82 68 16 77 3 46 6 11 45 19 32 5 30 24 18 15 62 28 52 64 83 55 17 8 36 43 2 29 49 40 71 80 63 66 25 75 65 47 51 4 26
204 42 35 69 62 42 68 61 34 65 55 30 60 36 20 25 73 43 24 31 45 21 1 46 82 37 83 9 15 50 64 23 27 75 52 29 13 22 47 72 63 33 12 41
236 44 5 65 3 35 12 6 72 45 18 54 57 40 77 42 88 71 16 86 24 14 63 31 21 13 2 50 22 66 17 27 39 51 48 59 32 79 37 43 26 41 10 69 76 23
218 45 50 64 13 62 69 73 76 52 56 55 87 1 11 46 39 43 48 31 24 82 3 90 63 42 7 5 57 78 41 83 61 29 65 75 20 54 58 10 88 6 40 32 25 38 21
167 46 13 48 73 47 34 80 56 38 84 59 18 55 52 69 27 68 28 2 42 8 70 12 85 66 16 1 22 36 46 11 77 39 24 78 50 82 71 25 64 6 29 72 49 33 3 15
147 46 16 62 11 5 8 24 71 43 13 82 74 25 42 75 64 57 41 37 70 91 51 26 49 68 92 87 10 52 12 46 18 22 21 1 9 77 15 78 36 35 2 29 38 33 83 17
163 47 55 10 81 61 18 6 4 52 89 64 79 94 36 60 30 84 19 5 15 31 58 80 51 78 76 11 68 16 49 62 27 9 91 54 53 3 73 66 7 28 82 69 1 83 46 39 33
541 47 7 90 68 71 12 38 81 9 66 52 13 62 60 50 31 46 8 75 78 74 44 35 58 72 33 83 2 19 65 51 73 42 34 57 27 25 92 30 15 54 23 17 94 56 89 11 47
200 48 79 14 70 20 71 5 16 58 7 38 75 26 39 68 72 28 61 80 86 12 82 65 13 88 9 46 67 47 48 76 64 84 2 23 57 91 35 60 55 34 19 77 62 17 3 92 56 95
241 48 70 34 94 32 48 71 50 31 13 49 96 55 67 57 23 10 56 91 4 29 66 17 84 59 26 78 81 46 87 72 73 40 21 45 80 79 24 37 64 69 7 61 42 86 2 18 43 5
281 49 45 80 75 13 84 15 77 79 50 30 65 24 38 25 81 96 83 46 26 52 91 72 41 14 42 51 20 44 40 47 8 82 88 67 21 70 85 11 34 12 73 39 49 76 7 22 87 29 36
111 50 30 82 31 76 79 38 97 52 8 18 11 61 47 20 5 33 51 50 95 58 39 63 94 24 80 10 21 19 3 45 12 4 55 17 37 2 35 15 16 32 90 23 14 81 60 40 9 93 85 77
152 50 81 92 7 4 58 83 74 8 54 16 6 46 41 51 39 68 64 44 13 80 93 40 53 43 56 1 95 5 91 23 36 100 57 73 69 99 21 27 90 32 85 70 20 71 55 2 61 94 65 24
113 53 44 47 1 88 61 26 51 28 13 17 64 59 27 65 83 89 67 81 103 4 86 5 55 102 41 96 90 23 10 58 48 18 104 62 76 63 82 7 22 8 70 79 6 35 29 84 91 97 53 56 20 78 33
386 54 3 106 18 73 69 26 99 103 2 27 96 80 46 62 6 85 84 54 65 11 25 63 21 83 60 98 93 20 8 81 91 67 48 31 71 29 35 4 68 30 7 53 66 72 45 51 14 76 107 82 28 12 19 52
184 56 27 52 106 41 17 89 101 69 76 8 94 95 54 35 44 73 77 86 21 34 16 68 23 58 24 87 5 66 93 50 104 102 33 67 42 26 65 20 78 80 49 99 81 9 18 79 103 100 70 1 90 110 39 98 2 112
123 58 42 31 32 105 3 34 108 107 92 106 16 75 84 69 53 66 70 101 79 113 35 104 90 102 95 18 36 7 43 19 57 1 11 26 6 17 73 52 61 24 112 94 2 116 80 58 39 86 68 49 100 33 10 85 30 37 38 98
69 60 4 10 109 48 103 47 65 61 23 108 67 107 12 58 94 66 14 118 115 21 37 34 55 106 60 113 38 39 56 101 87 84 102 30 79 63 7 44 28 17 32 88 1 6 27 50 77 9 89 33 46 119 110 82 99 13 15 74 40 112
377 62 24 29 18 106 97 86 13 39 40 78 25 58 66 98 59 51 60 102 12 116 67 89 74 122 47 99 45 41 83 22 43 64 31 26 4 11 27 93 113 72 5 8 109 57 80 21 90 120 19 69 96 76 94 3 52 117 1 30 100 115 32 92
373 63 92 62 22 46 9 86 49 96 19 63 39 29 20 107 31 51 8 99 88 104 74 108 45 121 4 118 61 68 65 81 33 84 93 75 117 7 2 122 12 119 32 114 87 30 36 67 90 5 14 16 94 47 120 59 23 98 125 116 40 110 73 11 3
207 64 41 8 104 118 70 46 54 84 122 34 44 38 111 53 113 126 82 23 112 52 5 40 13 55 58 78 14 100 89 83 51 19 96 66 4 18 2 12 39 24 75 95 90 97 36 30 98 81 86 57 26 62 117 108 28 128 65 120 21 109 110 37 119 114
701 67 18 86 28 63 36 98 74 54 15 9 6 75 83 103 51 39 81 125 112 93 55 72 120 134 35 21 82 118 56 64 106 78 33 122 108 127 24 87 130 128 22 116 80 71 111 131 132 37 101 124 46 4 110 61 12 20 23 52 13 99 66 29 10 115 19 65 126
246 67 10 129 26 14 29 66 118 119 81 40 11 91 104 84 54 99 30 9 49 79 101 22 12 47 93 48 31 4 113 131 7 80 64 97 13 28 62 61 112 38 46 76 125 50 95 87 34 60 55 23 2 5 127 92 96 57 94 39 43 65 120 58 75 67 45 17 71
294 67 93 106 86 107 19 61 122 15 20 70 45 1 11 46 63 131 99 119 28 74 109 50 78 97 37 72 90 49 123 75 130 29 79 53 47 48 80 113 66 60 27 9 102 65 6 40 52 42 4 35 23 88 69 55 7 128 104 58 73 96 2 67 18 41 92 117 31
538 68 80 8 25 84 38 54 70 127 46 73 94 34 130 58 28 135 10 99 112 86 4 32 105 15 111 57 60 83 107 119 98 52 82 113 64 67 85 18 2 120 6 90 35 124 92 51 49 13 96 88 126 132 16 3 39 33 136 59 22 125 78 12 122 102 72 117 89 56
344 69 13 34 118 10 22 28 96 114 67 33 51 65 116 79 20 52 47 23 39 129 126 37 4 134 86 36 97 71 27 78 63 82 31 8 100 113 29 44 18 9 98 21 58 32 2 125 105 45 137 122 55 120 83 81 43 60 72 135 24 127 68 128 19 94 115 74 61 76 89
567 70 123 44 134 14 74 57 5 16 12 118 73 1 49 34 23 139 9 63 61 119 64 32 19 94 93 60 90 4 87 2 95 116 84 17 103 108 7 133 115 109 102 129 91 101 20 59 35 97 39 6 37 104 30 113 29 47 52 11 45 51 70 26 38 77 18 83 24 82 120 122
245 72 89 52 136 79 99 15 111 5 130 11 82 42 116 84 144 62 40 107 102 21 106 74 100 14 13 12 1 27 135 88 129 67 124 26 24 131 114 53 75 58 4 101 85 96 25 139 108 69 105 113 137 23 55 98 68 47 18 94 22 93 20 73 104 71 117 86 97 16 110 60 41 8
586 73 54 141 63 48 127 20 137 72 50 51 39 31 66 74 3 29 49 140 6 136 108 78 75 120 69 60 25 71 27 36 80 47 34 84 115 33 2 85 86 18 100 122 129 30 123 124 56 132 144 53 116 64 131 32 87 61 13 24 77 106 79 112 40 142 97 101 28 125 76 109 105 57 93
610 75 142 48 143 74 148 23 138 134 95 19 56 132 127 96 107 110 40 54 8 2 101 149 50 28 122 121 42 61 18 102 37 136 13 80 89 124 147 58 112 105 62 63 52 139 140 145 123 68 27 88 141 90 108 137 103 44 49 125 87 35 22 79 128 43 94 33 114 82 51 135 67 21 45 120 47
488 77 136 139 74 34 64 17 103 66 31 102 48 129 52 61 75 108 134 43 106 38 55 57 151 1 51 142 13 92 125 124 56 46 79 69 22 90 44 126 128 98 114 112 72 104 116 132 123 23 82 39 86 109 60 96 141 91 24 154 16 41 143 28 12 58 76 3 65 88 14 87 53 84 29 121 105 68 89
215 78 96 9 128 81 144 68 154 100 140 126 55 136 12 64 39 135 48 40 73 21 65 127 121 123 109 77 60 17 112 78 57 110 115 125 146 92 45 141 156 93 152 16 22 122 95 13 10 70 4 107 26 119 118 74 49 105 32 131 27 2 84 61 143 71 37 72 18 83 82 113 23 104 97 116 132 36 103 14
122 78 31 88 153 137 152 105 53 74 121 37 149 15 39 43 84 94 65 144 60 5 48 96 142 49 78 131 73 50 68 13 58 87 69 106 76 103 22 97 150 36 118 91 75 111 17 3 16 86 80 95 141 100 115 64 42 14 145 9 12 10 82 112 29 128 30 26 119 19 34 47 51 81 27 61 151 55 134 139
400 79 139 47 32 155 154 55 22 56 110 106 135 57 18 91 80 36 101 108 142 76 130 99 30 34 148 16 132 35 68 19 33 88 86 69 81 97 149 11 7 136 123 100 85 122 58 113 112 125 104 116 118 48 78 98 129 45 38 14 2 133 107 70 24 156 66 72 3 102 157 52 62 141 134 115 6 158 71 111 9
213 79 73 92 29 126 56 156 94 130 97 28 45 12 132 68 85 32 83 19 33 69 57 49 77 134 76 43 112 115 106 119 67 140 100 44 138 120 31 11 101 72 48 24 58 148 34 38 157 65 110 91 151 122 103 16 136 96 20 80 81 98 127 158 113 105 107 146 155 93 4 61 128 46 75 86 7 22 88 52 35
436 81 76 101 70 54 108 156 151 127 135 40 139 12 137 157 10 99 5 58 17 46 128 105 112 8 148 1 48 66 107 142 9 23 61 92 95 146 144 41 145 90 34 6 20 50 56 136 59 80 119 47 21 18 74 132 49 159 161 155 35 115 133 149 97 27 121 67 158 28 110 96 36 102 117 44 138 125 122 93 153 104 24
269 82 25 85 157 105 57 21 98 16 134 45 18 36 86 67 135 136 114 142 128 111 125 5 13 115 140 1 123 22 20 65 8 162 159 89 156 40 3 30 91 109 97 106 50 4 53 11 121 144 49 77 131 148 146 150 164 103 51 81 145 34 78 29 46 96 63 153 141 116 160 101 84 12 104 55 32 38 52 68 2 152 151 37
503 83 146 123 122 117 35 113 27 45 161 153 74 77 1 7 108 18 131 141 54 159 31 120 63 58 110 93 101 26 30 107 89 42 116 62 134 143 105 102 2 73 23 149 80 39 37 40 86 79 69 72 4 150 158 166 157 55 82 91 163 92 16 17 59 21 97 51 154 28 11 34 112 152 33 56 60 109 65 61 15 84 44 137 48
865 83 137 63 60 40 55 130 98 133 69 95 86 50 35 20 7 43 76 72 123 16 87 15 156 61 49 11 26 114 155 2 81 54 125 23 58 143 145 129 102 33 77 99 27 138 39 65 97 92 9 164 153 37 131 118 57 139 3 82 41 146 105 45 84 42 166 75 148 91 94 85 126 19 48 113 140 66 59 89 111 121 159 51 71
518 83 55 26 23 86 131 125 54 59 49 135 43 80 6 41 25 105 46 155 129 145 124 48 142 123 107 28 100 31 114 66 122 156 77 15 158 71 2 47 110 44 81 117 65 67 73 99 148 157 94 27 3 12 79 113 96 126 17 58 63 92 154 20 72 93 34 19 116 42 62 29 8 153 149 53 102 128 37 83 90 10 38 109 151
324 83 1 13 127 52 44 77 145 17 125 134 96 75 162 104 6 113 84 130 61 166 83 36 148 118 47 139 120 40 153 76 35 73 70 66 20 43 85 115 154 150 109 23 126 141 155 67 14 18 24 30 33 28 163 2 88 82 65 99 94 136 112 123 9 8 45 11 142 98 27 124 147 15 39 110 156 62 87 81 151 57 25 132 42
826 84 48 44 82 19 93 100 87 96 106 14 29 21 81 128 10 103 24 130 6 40 89 39 166 121 67 26 138 3 88 105 70 104 118 136 161 45 5 52 7 18 135 122 20 163 90 55 151 16 114 140 132 58 101 72 131 66 4 143 64 35 160 54 139 28 155 1 15 110 168 33 36 60 61 99 97 32 149 71 25 85 120 59 68 42
692 85 161 157 73 85 134 38 68 166 77 4 83 121 8 27 53 20 10 55 146 31 98 43 138 115 24 74 101 33 125 75 7 139 99 22 100 152 160 117 93 169 155 80 1 5 162 103 46 37 51 102 148 57 13 120 6 49 21 50 87 45 109 62 153 112 150 140 106 129 76 126 23 127 63 44 18 26 58 34 111 54 164 128 15 141 131
404 85 40 10 165 83 118 139 85 80 146 22 3 151 46 19 141 97 44 148 121 163 123 122 41 135 167 145 16 158 136 55 111 6 93 52 20 100 112 63 21 170 155 74 43 60 101 104 110 107 37 33 42 34 65 56 68 49 71 164 147 62 131 8 152 126 58 125 98 143 169 48 76 5 99 129 54 142 153 106 17 134 84 82 64 91 88
154 86 1 150 97 21 59 108 88 22 13 44 42 172 165 12 40 99 25 141 17 85 24 110 138 31 36 140 135 146 123 107 33 117 60 67 152 26 81 167 43 71 32 118 56 127 48 28 49 144 23 94 73 134 51 143 91 120 50 155 29 149 98 6 160 16 151 7 122 145 104 90 55 62 2 77 18 84 168 10 112 161 76 65 111 163 80 20
819 87 8 102 83 124 33 52 86 39 140 1 151 118 50 162 48 105 63 170 18 36 161 173 55 139 114 46 44 117 159 138 160 143 49 120 26 10 72 80 150 100 40 65 119 97 144 157 54 174 6 20 25 62 5 21 112 74 126 146 29 91 116 131 82 141 61 67 106 115 34 43 60 38 4 31 93 79 148 142 152 135 27 130 16 87 56 71 165
263 89 15 2 92 172 166 158 90 24 100 75 107 74 102 66 99 47 169 119 150 161 80 139 104 34 112 142 17 95 131 98 29 82 159 146 57 135 43 115 41 171 65 48 10 27 126 37 63 42 50 26 62 121 36 45 174 8 129 3 93 101 70 173 78 68 118 97 109 7 177 127 69 9 157 155 113 132 59 145 89 30 11 22 116 61 53 111 4 20 168
365 89 170 21 41 165 58 126 150 39 11 37 15 72 102 48 167 4 178 93 135 114 29 68 113 96 136 78 164 27 56 7 35 36 139 12 64 24 47 49 152 79 46 18 132 88 25 144 122 155 31 90 118 127 119 172 134 121 128 70 124 1 13 162 94 84 63 105 16 14 2 125 140 85 120 123 76 8 156 133 60 116 99 10 42 80 117 173 62 106 86
160 90 85 117 125 50 170 78 88 6 122 157 161 110 60 71 43 74 28 33 140 66 58 154 9 151 3 163 7 57 45 25 164 171 126 101 40 105 130 18 12 176 98 19 95 89 93 20 159 107 44 79 178 22 174 119 35 2 106 67 168 62 111 84 13 142 144 115 59 153 72 49 152 135 173 175 48 133 4 90 141 129 169 143 127 139 1 99 10 15 21 83
553 91 134 5 123 144 174 160 108 89 3 47 23 140 122 99 11 1 91 125 151 121 83 20 130 69 36 124 74 12 61 54 152 21 109 167 113 34 95 120 9 150 138 87 110 15 133 81 82 24 118 56 46 85 131 51 68 66 97 119 147 111 171 92 155 64 175 154 172 44 100 115 53 62 35 148 48 141 102 2 179 164 10 114 165 25 126 4 30 101 158 162 17
144 91 169 46 29 74 22 134 101 162 178 12 159 56 17 15 149 160 1 161 170 47 118 117 103 119 48 130 34 9 163 110 23 126 19 36 124 66 40 158 142 8 150 104 155 145 35 92 106 138 76 85 123 132 129 10 13 87 28 72 79 54 3 60 41 120 82 133 84 80 44 176 42 6 148 14 157 73 152 71 95 5 108 20 75 37 156 26 135 153 122 93 61
631 92 131 103 8 161 19 153 86 28 30 62 88 170 160 7 87 16 112 3 137 15 164 27 149 125 92 76 104 84 10 29 97 139 36 113 68 57 109 122 134 178 34 70 154 118 121 33 179 25 143 52 130 39 65 66 105 24 94 150 80 106 108 117 26 95 5 79 4 12 174 120 184 102 114 49 172 56 119 96 53 32 100 31 146 157 132 183 48 129 72 67 77 61
299 95 159 20 83 151 12 187 59 148 124 150 88 153 182 63 144 57 51 104 177 91 87 179 185 186 73 45 90 44 40 66 119 11 142 3 15 89 190 146 77 72 188 26 168 62 105 149 170 32 18 99 92 16 54 14 52 166 141 34 158 75 154 28 180 76 17 64 103 107 8 172 189 19 35 50 96 183 27 112 173 71 43 129 140 2 60 138 42 46 80 10 48 143 176 130 93
273 96 153 43 99 13 156 32 48 4 44 40 166 151 82 100 93 14 124 128 108 33 17 50 37 138 46 134 66 75 3 16 131 90 169 144 20 102 6 2 22 152 24 118 28 140 103 130 172 129 76 147 107 64 141 186 36 117 25 19 54 174 77 85 98 60 164 183 47 179 137 104 97 157 114 52 132 73 11 21 121 8 136 92 180 113 115 176 135 51 91 7 27 12 65 173 111 59
485 96 37 175 171 178 179 111 68 74 98 176 138 133 24 146 124 162 79 69 191 34 145 160 177 45 76 38 141 53 72 167 93 46 128 13 90 56 73 182 122 103 81 7 31 43 148 20 1 32 180 84 168 11 60 10 26 149 186 61 184 28 91 114 58 88 104 107 5 49 151 181 189 51 71 159 19 82 87 156 185 112 63 169 152 44 139 158 70 65 192 47 126 147 3 52 2 137
410 97 67 137 167 93 98 192 84 1 150 42 111 185 63 116 6 178 83 113 140 44 188 9 158 189 38 78 35 75 40 139 90 10 4 165 7 71 182 144 106 149 171 134 95 151 51 21 49 77 193 58 66 25 131 46 191 142 53 39 52 169 175 123 32 5 22 11 114 109 132 127 72 166 187 141 184 125 173 28 130 62 55 121 61 181 27 154 126 108 16 168 115 128 26 156 73 15 81
487 97 119 77 139 50 102 2 74 100 66 155 27 180 132 3 90 93 188 63 87 5 71 79 8 187 20 118 114 134 34 172 36 9 175 30 173 154 59 159 85 49 21 136 16 110 18 51 86 152 125 41 24 56 150 143 151 181 177 166 44 96 149 97 130 101 184 26 55 75 57 48 47 145 144 113 174 19 158 169 64 176 76 179 89 33 164 168 178 165 80 1 133 32 81 156 127 91 37
557 98 162 36 160 165 114 85 170 171 34 108 110 166 2 81 161 149 164 39 133 95 126 156 33 120 57 13 83 116 15 143 29 20 88 86 159 71 157 119 151 14 9 3 137 125 19 132 7 69 60 91 49 112 79 167 82 146 123 28 148 134 193 75 72 124 109 154 66 158 196 24 94 135 152 76 17 47 177 65 101 178 35 180 185 128 144 168 147 105 172 115 103 181 6 189 99 42 190 32
229 98 163 82 62 168 118 48 135 140 185 148 16 68 195 96 166 159 10 193 147 143 28 38 136 156 169 69 87 91 22 93 175 151 35 196 160 25 55 123 26 84 110 39 51 102 178 149 75 121 137 49 187 161 176 73 20 4 192 63 113 144 65 13 170 54 111 128 30 132 18 77 152 31 172 184 95 43 89 88 50 11 9 139 52 85 116 19 67 125 57 100 157 7 27 130 71 24 60 194
293 99 2 142 157 154 66 110 189 184 175 12 164 127 97 3 34 166 40 4 58 16 194 87 25 135 96 115 83 117 64 116 54 79 191 84 23 144 51 47 121 95 31 156 152 179 65 169 77 80 134 171 57 181 82 69 39 5 148 32 190 153 11 98 104 26 30 120 129 130 29 52 21 88 71 113 160 48 170 43 151 183 177 46 49 196 101 155 63 137 165 75 22 125 180 73 41 67 18 93 114
754 99 22 129 142 179 108 80 114 79 117 196 12 135 55 185 125 5 190 121 56 97 25 127 180 113 57 181 154 186 130 119 166 106 160 172 11 66 146 157 78 58 89 136 131 15 68 49 175 191 167 102 94 104 9 122 67 173 16 45 155 116 7 31 193 13 8 128 110 43 70 153 84 101 158 77 41 4 32 141 61 183 139 76 137 115 21 53 36 105 40 92 10 156 133 126 198 28 75 51 85
621 100 89 68 155 85 80 51 102 41 139 9 148 172 162 160 186 52 77 165 122 36 64 75 115 154 95 62 15 152 117 93 151 125 175 86 118 130 161 190 48 54 192 66 179 67 71 105 116 25 32 28 16 63 157 60 65 84 103 29 76 21 24 149 147 144 106 42 132 37 74 33 2 3 44 12 69 56 189 57 164 136 129 174 30 108 176 169 87 143 40 171 26 50 23 13 141 97 46 91 31 39
298 100 46 127 185 152 24 41 4 26 117 28 13 105 53 54 47 115 172 114 29 87 51 18 38 149 88 70 174 71 126 17 66 133 155 119 106 107 134 113 8 68 32 181 143 196 81 7 14 110 62 122 91 58 198 104 45 112 96 64 72 82 92 193 138 179 93 163 42 59 102 161 60 19 182 97 137 139 109 151 128 178 200 9 184 37 116 55 183 187 186 131 147 30 33 34 135 173 162 160 44 101
821 101 112 40 94 122 83 196 165 150 134 105 96 189 201 84 35 98 75 135 157 62 155 130 153 125 124 7 179 192 70 113 178 89 79 28 200 47 8 140 52 60 161 66 64 13 41 76 23 24 141 132 25 162 42 100 202 19 167 3 69 170 38 39 32 149 175 20 138 88 4 74 127 107 128 186 78 10 169 159 72 148 58 147 111 164 43 49 163 51 45 17 146 193 27 95 15 48 108 44 73 110 11
407 102 117 113 191 179 5 183 169 178 6 24 137 133 138 196 58 27 181 107 25 62 23 42 99 28 168 61 180 86 52 30 13 72 130 164 95 106 184 49 140 125 195 122 4 53 151 105 55 36 104 146 71 46 43 50 166 10 78 154 204 147 65 96 32 40 51 47 159 163 145 87 17 116 127 21 132 22 77 126 31 29 70 26 155 38 16 12 160 141 75 172 76 123 82 194 2 202 64 56 103 115 129 101
425 103 93 132 84 146 142 204 141 116 28 11 65 166 190 78 205 179 174 43 76 82 30 180 195 64 53 119 48 50 69 49 172 24 123 106 97 83 200 94 13 135 55 130 67 41 102 71 19 15 111 80 152 153 129 178 58 90 160 184 35 59 89 163 128 16 159 99 56 39 105 173 112 52 33 193 124 140 100 21 32 60 150 194 149 148 77 66 164 85 96 104 12 168 198 34 87 127 115 134 144 138 40 63 47
777 103 34 57 92 131 13 143 174 186 163 3 109 8 81 123 122 31 43 62 147 201 151 40 64 83 74 205 108 155 42 182 50 156 48 55 180 49 99 139 95 86 17 136 76 160 82 114 26 102 2 193 167 121 73 94 96 152 157 138 132 181 191 161 177 168 27 113 107 100 70 90 128 18 203 206 140 165 106 179 169 89 195 44 101 184 66 25 41 22 38 127 137 164 134 185 118 59 1 28 146 119 153 116 111
227 104 11 141 77 118 35 88 108 126 34 189 70 44 161 22 173 21 164 80 100 134 146 185 71 186 87 144 203 89 157 116 67 68 152 195 145 85 84 136 183 38 143 102 94 52 149 104 128 166 48 86 200 175 50 75 182 138 90 4 199 192 179 59 14 201 74 154 139 129 51 9 142 163 130 174 25 97 43 53 198 39 169 107 181 23 31 150 2 147 153 54 42 1 30 3 76 41 190 123 95 125 115 29 66 40
506 104 61 166 6 69 52 70 33 111 163 7 124 25 133 115 79 27 107 17 22 170 40 104 192 21 73 191 156 112 123 26 165 168 195 201 169 42 103 55 92 182 19 194 100 151 74 14 146 147 57 199 177 3 89 186 20 86 197 121 138 50 87 145 193 88 24 95 110 180 148 137 16 189 122 205 98 82 135 66 178 206 81 185 78 5 99 65 93 1 153 198 154 126 101 161 171 23 72 90 77 29 94 46 181 13
